2,029279;359,6131
3,545137;359,5601
4,890128;359,5132
6,530507;359,4559
7,709798;359,4147
9,24908;359,361
10,44629;359,3192
11,76069;359,2733
13,19477;359,2232
14,48819;359,178
15,80678;359,132
17,17035;359,0844
18,62645;359,0335
20,10121;358,982
21,52559;358,9323
22,91637;358,8837
24,3143;358,8349
25,64225;358,7885
26,90781;358,7443
28,13252;358,7015
29,43595;358,656
31,01016;358,6011
32,56776;358,5467
34,3652;358,4839
35,99813;358,4269
37,70646;358,3672
39,46914;358,3057
40,87865;358,2564
42,32771;358,2058
43,90873;358,1506
46,77016;358,0507
49,50149;357,9554
52,80275;357,8401
56,81768;357,6999
60,01584;357,5882
63,1554;357,4785
66,26396;357,37
68,89484;357,2781
71,20673;357,1974
73,70152;357,1103
76,14034;357,0251
78,72404;356,9349
81,09992;356,8519
83,22083;356,7778
86,07328;356,6782
88,58057;356,5907
91,29217;356,496
94,00597;356,4012
96,73285;356,306
98,9874;356,2273
101,4611;356,1409
104,0478;356,0505
106,537;355,9636
110,4425;355,8272
113,8734;355,7074
116,988;355,5987
119,8173;355,4998
122,9075;355,3919
125,5451;355,2998
128,4159;355,1996
131,2931;355,0991
134,1716;354,9986
136,9631;354,9011
139,4954;354,8127
142,2723;354,7157
144,9869;354,6209
147,5319;354,532
151,271;354,4015
154,0948;354,3029
157,3336;354,1898
161,2715;354,0522
164,9879;353,9225
168,989;353,7827
172,4657;353,6613
175,203;353,5658
178,32;353,4569
181,0955;353,36
183,6684;353,2701
186,3847;353,1753
189,0822;353,0811
192,0282;352,9782
194,8987;352,878
197,7894;352,777
200,6149;352,6783
203,6434;352,5726
206,6016;352,4693
209,5149;352,3675
212,3227;352,2695
214,6644;352,1877
217,3415;352,0942
220,1108;351,9975
222,6247;351,9097
224,851;351,8319
227,8446;351,7274
230,5266;351,6338
233,2544;351,5385
236,3375;351,4308
238,8891;351,3417
241,5632;351,2484
244,7162;351,1382
249,4962;350,9713
253,9521;350,8157
258,5024;350,6568
262,246;350,5261
265,4745;350,4133
281,2376;349,8629
287,4305;349,6466
290,9879;349,5224
294,626;349,3954
299,1699;349,2367
303,0802;349,1001
308,1612;348,9227
312,6721;348,7652
318,6292;348,5571
323,0987;348,4011
328,2006;348,2229
334,5489;348,0012
338,2587;347,8717
343,0538;347,7042
348,6267;347,5096
354,631;347,2999
359,2987;347,1369
363,857;346,9778
368,4403;346,8177
372,4856;346,6764
375,7743;346,5616
379,0961;346,4456
382,2489;346,3355
385,7797;346,2122
389,1813;346,0934
392,0149;345,9945
395,2218;345,8825
398,5145;345,7675
401,9108;345,6489
405,115;345,537
408,6665;345,413
411,8673;345,3012
414,8777;345,196
418,1866;345,0805
421,5376;344,9635
424,8486;344,8478
427,9346;344,7401
430,9257;344,6356
434,3249;344,5169
437,7576;344,397
440,8696;344,2884
444,0485;344,1773
447,4868;344,0573
450,8715;343,9391
453,9466;343,8317
457,1756;343,7189
461,0444;343,5838
464,3175;343,4695
468,0374;343,3396
471,2188;343,2285
474,271;343,1219
477,6212;343,0049
480,8415;342,8925
483,827;342,7882
486,9958;342,6776
490,4366;342,5574
493,8743;342,4374
497,8878;342,2972
501,6861;342,1646
505,2205;342,0412
508,6036;341,923
511,7998;341,8114
515,2256;341,6918
518,7748;341,5679
522,9028;341,4237
526,5583;341,2961
530,1401;341,171
533,38;341,0578
536,4818;340,9495
539,297;340,8512
542,5779;340,7367
545,7524;340,6258
548,8597;340,5173
552,4611;340,3915
556,7664;340,2412
560,0701;340,1259
563,9396;339,9907
569,3193;339,8029
578,2972;339,4893
583,2414;339,3167
588,3471;339,1384
593,0205;338,9752
599,9291;338,7339
606,2594;338,5129
612,2666;338,3031
616,9371;338,14
622,611;337,9419
627,8536;337,7588
633,0356;337,5778
637,7438;337,4134
641,5801;337,2794
646,4132;337,1107
649,9251;336,988
655,4258;336,796
660,5792;336,616
666,3574;336,4142
671,7961;336,2243
678,8845;335,9767
685,2745;335,7536
692,0239;335,5179
699,2972;335,2639
706,1144;335,0258
718,6713;334,5873
725,4379;334,351
732,7345;334,0963
739,4045;333,8633
744,7626;333,6762
752,5308;333,405
756,8287;333,2549
762,8773;333,0437
766,7761;332,9075
772,1578;332,7196
776,642;332,563
781,95;332,3777
787,7391;332,1755
792,3053;332,0161
794,8309;331,9279
797,4649;331,8359
799,8618;331,7522
804,1466;331,6025
807,789;331,4753
811,9283;331,3308
816,6734;331,1651
823,8362;330,9149
829,0142;330,7341
833,7985;330,567
845,3214;330,1647
851,5504;329,9471
857,4916;329,7397
862,0797;329,5794
865,8277;329,4485
869,7303;329,3123
873,6122;329,1767
877,8746;329,0279
884,4563;328,798
896,473;328,3784
906,801;328,0178
912,1525;327,8309
917,1996;327,6546
920,9631;327,5232
924,8004;327,3892
930,7762;327,1805
935,8401;327,0037
941,5139;326,8056
946,9316;326,6164
950,769;326,4824
954,8902;326,3385
960,0781;326,1573
964,1934;326,0136
967,9105;325,8838
970,8985;325,7795
973,6237;325,6843
976,2587;325,5923
980,0198;325,461
985,4692;325,2707
989,2018;325,1403
992,8753;325,012
996,1498;324,8977
999,2543;324,7893
1004,388;324,61
1010,77;324,3871
1015,503;324,2219
1019,811;324,0714
1023,248;323,9514
1027,066;323,8181
1031,192;323,674
1035,936;323,5083
1039,313;323,3904
1043,896;323,2304
1047,191;323,1153
1050,596;322,9964
1054,02;322,8768
1056,986;322,7733
1060,089;322,6649
1063,171;322,5573
1066,803;322,4305
1070,255;322,3099
1073,769;322,1872
1077,547;322,0553
1081,052;321,9329
1088,162;321,6846
1092,168;321,5447
1096,032;321,4098
1099,352;321,2938
1102,582;321,181
1105,587;321,0761
1109,694;320,9327
1114,478;320,7657
1117,984;320,6432
1121,376;320,5247
1124,552;320,4138
1128,031;320,2924
1132,404;320,1396
1136,629;319,9921
1141,767;319,8127
1145,148;319,6946
1148,774;319,568
1152,665;319,4321
1156,108;319,3119
1163,787;319,0437
1167,069;318,9291
1169,931;318,8292
1172,881;318,7262
1175,739;318,6263
1178,34;318,5355
1181,433;318,4275
1184,931;318,3054
1187,844;318,2036
1190,554;318,109
1193,08;318,0208
1195,554;317,9344
1198,183;317,8427
1200,628;317,7573
1203,109;317,6706
1205,337;317,5928
1207,643;317,5123
1209,973;317,4309
1212,962;317,3266
1215,495;317,2381
1218,098;317,1472
1220,29;317,0707
1222,452;316,9952
1224,884;316,9102
1227,257;316,8274
1229,716;316,7415
1232,49;316,6446
1235,189;316,5504
1237,771;316,4602
1240;316,3824
1242,593;316,2918
1244,763;316,216
1246,935;316,1402
1249,169;316,0622
1251,485;315,9813
1254,371;315,8805
1257,045;315,7871
1259,461;315,7028
1262,064;315,6119
1264,371;315,5313
1266,918;315,4424
1269,455;315,3538
1271,83;315,2708
1274,363;315,1824
1276,829;315,0963
1279,409;315,0062
1281,901;314,9192
1284,043;314,8444
1286,429;314,761
1289,117;314,6672
1291,425;314,5866
1294,256;314,4877
1296,919;314,3947
1299,38;314,3087
1302,005;314,2171
1304,54;314,1286
1307,049;314,041
1309,643;313,9504
1312,235;313,8599
1314,88;313,7675
1317,547;313,6744
1319,876;313,5931
1322,185;313,5125
1324,589;313,4285
1327,242;313,3358
1329,806;313,2463
1332,134;313,165
1334,961;313,0663
1337,786;312,9677
1340,236;312,8821
1342,491;312,8034
1344,531;312,7321
1346,845;312,6513
1349,134;312,5714
1351,414;312,4918
1353,774;312,4094
1356,036;312,3304
1358,291;312,2516
1360,936;312,1592
1363,312;312,0763
1365,453;312,0015
1367,981;311,9133
1370,456;311,8268
1372,952;311,7397
1375,956;311,6348
1378,537;311,5446
1381,199;311,4517
1383,999;311,3539
1386,678;311,2603
1389,083;311,1764
1391,135;311,1047
1393,459;311,0236
1395,86;310,9397
1398,283;310,8551
1400,776;310,768
1403,229;310,6824
1405,656;310,5976
1408,061;310,5137
1410,632;310,4239
1413,033;310,3401
1415,318;310,2603
1418,043;310,1651
1420,492;310,0796
1422,971;309,993
1425,315;309,9111
1427,922;309,8201
1430,237;309,7392
1432,649;309,655
1435,031;309,5718
1437,588;309,4825
1440,072;309,3958
1442,627;309,3065
1444,717;309,2336
1446,649;309,1661
1448,812;309,0905
1450,9;309,0176
1452,88;308,9485
1455,135;308,8697
1458,328;308,7582
1460,557;308,6804
1462,543;308,611
1464,481;308,5434
1466,466;308,474
1468,386;308,407
1470,242;308,3422
1472,262;308,2716
1474,235;308,2027
1476,176;308,135
1478,131;308,0667
1480,056;307,9995
1482,084;307,9286
1483,921;307,8645
1485,78;307,7996
1487,86;307,727
1490,34;307,6404
1492,434;307,5672
1494,516;307,4945
1496,514;307,4247
1498,415;307,3584
1500,281;307,2932
1502,355;307,2208
1504,27;307,1539
1506,249;307,0848
1508,106;307,02
1510,077;306,9511
1511,913;306,887
1513,937;306,8164
1515,887;306,7483
1517,962;306,6758
1519,88;306,6089
1521,925;306,5374
1524,083;306,4621
1526,078;306,3924
1527,871;306,3297
1529,891;306,2592
1531,914;306,1886
1533,837;306,1214
1535,862;306,0507
1537,727;305,9856
1539,786;305,9137
1541,74;305,8454
1543,76;305,7749
1545,845;305,7021
1547,898;305,6304
1549,86;305,5619
1552,069;305,4848
1554,149;305,4121
1556,125;305,3431
1558,609;305,2564
1560,57;305,1879
1562,45;305,1223
1564,511;305,0503
1566,417;304,9837
1568,441;304,9131
1570,365;304,8459
1572,227;304,7809
1574,145;304,7139
1576,23;304,6411
1578,328;304,5678
1580,234;304,5013
1582,106;304,4359
1584,145;304,3647
1586,468;304,2835
1588,367;304,2173
1590,781;304,1329
1592,966;304,0566
1594,974;303,9865
1597,049;303,9141
1598,979;303,8467
1601,077;303,7734
1602,982;303,7069
1605,145;303,6313
1607,227;303,5587
1609,143;303,4917
1611,052;303,4251
1613,084;303,3541
1614,983;303,2878
1617,101;303,2138
1619,003;303,1474
1621,123;303,0734
1623,128;303,0034
1625,333;302,9264
1627,347;302,856
1629,452;302,7826
1631,534;302,7099
1633,493;302,6414
1635,609;302,5676
1637,547;302,4999
1639,538;302,4304
1641,688;302,3553
1643,643;302,287
1645,75;302,2134
1647,831;302,1408
1649,847;302,0704
1652,036;301,9939
1654,36;301,9128
1656,564;301,8358
1658,775;301,7586
1661,295;301,6706
1663,468;301,5947
1665,786;301,5138
1668,118;301,4323
1670,294;301,3564
1672,676;301,2732
1674,697;301,2026
1676,909;301,1253
1679,074;301,0497
1681,285;300,9725
1683,76;300,8861
1686,27;300,7985
1688,515;300,7201
1690,611;300,6469
1692,97;300,5645
1695,388;300,48
1698,13;300,3843
1700,235;300,3108
1702,062;300,247
1704,848;300,1497
1706,977;300,0753
1710,232;299,9617
1712,896;299,8687
1714,981;299,7958
1717,056;299,7234
1719,42;299,6408
1721,941;299,5528
1724,798;299,4531
1727,391;299,3625
1729,845;299,2768
1732,162;299,1959
1734,16;299,1261
1736,1;299,0584
1738,35;298,9798
1740,227;298,9142
1742,164;298,8466
1744,373;298,7694
1746,474;298,6961
1748,332;298,6312
1750,339;298,5611
1752,233;298,495
1754,127;298,4288
1756,198;298,3565
1758,191;298,2869
1760,355;298,2113
1762,619;298,1323
1764,542;298,0651
1766,725;297,9889
1768,831;297,9153
1770,865;297,8443
1773,679;297,746
1775,82;297,6713
1778,093;297,5919
1780,172;297,5193
1782,224;297,4476
1784,095;297,3823
1786,189;297,3091
1788,084;297,243
1789,923;297,1787
1791,986;297,1067
1794,292;297,0262
1796,576;296,9464
1799,078;296,859
1801,31;296,7811
1803,576;296,702
1805,517;296,6342
1807,746;296,5563
1809,682;296,4887
1811,774;296,4156
1813,709;296,3481
1815,695;296,2787
1817,579;296,2129
1819,808;296,1351
1821,875;296,0629
1823,776;295,9965
1825,607;295,9326
1827,634;295,8618
1829,827;295,7852
1831,775;295,7172
1833,667;295,6511
1835,87;295,5742
1837,819;295,5061
1839,979;295,4307
1841,869;295,3647
1843,858;295,2953
1845,813;295,227
1847,573;295,1655
1849,842;295,0863
1851,888;295,0149
1853,765;294,9493
1855,648;294,8835
1857,704;294,8117
1859,686;294,7426
1861,542;294,6777
1863,638;294,6045
1865,602;294,5359
1867,577;294,467
1869,393;294,4036
1871,339;294,3356
1874,048;294,241
1876,039;294,1714
1878,004;294,1028
1880,302;294,0226
1882,155;293,9579
1884,281;293,8837
1886,228;293,8157
1888,16;293,7482
1890,155;293,6785
1891,973;293,6151
1894,019;293,5436
1895,987;293,4749
1898,175;293,3985
1900,243;293,3262
1902,251;293,2561
1904,801;293,1671
1907,576;293,0702
1910,067;292,9832
1912,319;292,9046
1914,817;292,8174
1916,904;292,7444
1918,971;292,6723
1921,106;292,5977
1923,14;292,5267
1925,064;292,4595
1927,147;292,3867
1929,254;292,3132
1931,668;292,2289
1933,6;292,1614
1935,597;292,0917
1937,541;292,0238
1939,469;291,9565
1941,806;291,8749
1943,882;291,8024
1945,993;291,7287
1948,311;291,6477
1950,411;291,5744
1952,622;291,4972
1954,723;291,4238
1956,924;291,3469
1959,273;291,2649
1961,384;291,1912
1963,557;291,1153
1965,489;291,0478
1967,492;290,9778
1969,636;290,903
1971,707;290,8307
1973,655;290,7626
1975,563;290,696
1978,008;290,6106
1980,005;290,5409
1981,888;290,4751
1983,763;290,4096
1986,072;290,329
1988,125;290,2573
1990,056;290,1899
1992,03;290,1209
1994,393;290,0384
1996,331;289,9708
1998,363;289,8998
2000,379;289,8294
2002,336;289,7611
2004,421;289,6883
2006,509;289,6154
2008,562;289,5437
2010,696;289,4691
2012,598;289,4027
2014,629;289,3318
2016,597;289,2631
2018,541;289,1952
2020,497;289,1269
2022,439;289,0591
2024,787;288,9771
2026,693;288,9105
2028,616;288,8434
2030,508;288,7773
2032,303;288,7146
2034,352;288,6431
2036,32;288,5743
2038,225;288,5078
2040,29;288,4357
2042,321;288,3648
2044,379;288,2929
2046,201;288,2293
2048,173;288,1604
2050,11;288,0928
2052,166;288,021
2054,162;287,9513
2056,404;287,873
2058,35;287,8051
2060,438;287,7321
2062,689;287,6535
2064,549;287,5886
2066,794;287,5102
2069,063;287,4309
2070,98;287,364
2073,071;287,291
2075,458;287,2076
2077,787;287,1263
2080,579;287,0287
2082,912;286,9473
2085,078;286,8716
2087,009;286,8042
2089,052;286,7329
2091,252;286,656
2093,552;286,5757
2095,585;286,5048
2097,656;286,4325
2100,043;286,3491
2102,433;286,2656
2104,8;286,183
2106,935;286,1084
2109,26;286,0272
2111,802;285,9384
2114,336;285,8499
2116,562;285,7722
2118,798;285,6941
2121,127;285,6128
2123,474;285,5308
2125,695;285,4532
2128,164;285,367
2130,181;285,2966
2132,176;285,2269
2134,293;285,153
2136,283;285,0835
2138,314;285,0125
2140,455;284,9378
2142,543;284,8649
2144,708;284,7893
2146,647;284,7215
2148,807;284,6461
2150,927;284,5721
2153,186;284,4932
2155,993;284,3951
2159,145;284,2851
2162,389;284,1718
2164,469;284,0992
2166,823;284,017
2168,896;283,9446
2170,872;283,8755
2173,131;283,7967
2175,237;283,7231
2177,085;283,6586
2179,078;283,589
2181,151;283,5166
2183,28;283,4423
2186,376;283,3341
2189,19;283,2359
2191,775;283,1456
2194,452;283,0521
2196,772;282,9711
2199,092;282,8901
2201,25;282,8147
2203,437;282,7384
2205,527;282,6654
2207,514;282,596
2209,463;282,5279
2211,648;282,4516
2213,683;282,3806
2215,639;282,3123
2217,443;282,2492
2219,437;282,1796
2222,186;282,0836
2224,373;282,0073
2226,493;281,9333
2228,95;281,8475
2230,944;281,7778
2232,947;281,7079
2234,907;281,6395
2236,947;281,5682
2238,914;281,4995
2240,95;281,4284
2242,859;281,3618
2244,863;281,2918
2246,853;281,2223
2248,684;281,1584
2250,633;281,0903
2252,726;281,0172
2255,033;280,9367
2257,418;280,8534
2259,56;280,7786
2261,822;280,6996
2263,81;280,6302
2265,799;280,5607
2267,82;280,4901
2269,904;280,4173
2271,813;280,3506
2273,828;280,2803
2275,745;280,2133
2277,834;280,1404
2279,867;280,0694
2281,974;279,9958
2283,855;279,9301
2285,761;279,8636
2287,814;279,7919
2290,23;279,7076
2292,309;279,635
2294,235;279,5677
2296,332;279,4945
2298,225;279,4284
2300,102;279,3628
2302,092;279,2933
2304,051;279,2249
2305,987;279,1573
2308,007;279,0868
2310,232;279,0091
2312,153;278,942
2314,028;278,8765
2316,01;278,8073
2317,972;278,7388
2319,816;278,6744
2321,928;278,6006
2324,298;278,5179
2326,432;278,4433
2328,523;278,3703
2330,652;278,296
2332,833;278,2198
2334,858;278,1491
2336,751;278,083
2338,641;278,017
2340,702;277,945
2342,754;277,8734
2344,95;277,7967
2346,968;277,7262
2348,921;277,658
2350,869;277,59
2353,347;277,5034
2355,76;277,4192
2357,858;277,3459
2359,873;277,2755
2361,975;277,2021
2364,392;277,1178
2366,651;277,0388
2368,921;276,9596
2371,066;276,8847
2373,207;276,8099
2375,153;276,7419
2377,349;276,6653
2379,521;276,5894
2381,511;276,5199
2383,617;276,4464
2385,546;276,379
2387,732;276,3027
2390,099;276,22
2392,674;276,1301
2395,141;276,0439
2397,138;275,9742
2399,224;275,9013
2402,132;275,7998
2404,683;275,7107
2406,869;275,6344
2408,995;275,5601
2411,359;275,4776
2413,779;275,3931
2416,327;275,3041
2418,85;275,216
2421,58;275,1207
2424,303;275,0256
2426,926;274,934
2429,803;274,8335
2432,896;274,7255
2434,954;274,6536
2436,961;274,5835
2439,014;274,5118
2441,272;274,433
2443,358;274,3602
2445,282;274,2929
2447,185;274,2265
2449,361;274,1505
2451,885;274,0624
2454,067;273,9861
2456,164;273,9129
2458,972;273,8148
2461,407;273,7298
2463,68;273,6505
2466,476;273,5528
2468,476;273,483
2470,713;273,4049
2472,67;273,3365
2474,53;273,2715
2476,474;273,2037
2478,502;273,1329
2480,544;273,0616
2482,387;272,9972
2484,467;272,9246
2486,896;272,8397
2489,156;272,7608
2491,499;272,679
2493,914;272,5947
2496,306;272,5111
2498,538;272,4332
2500,943;272,3492
2503,397;272,2635
2505,622;272,1858
2508,174;272,0967
2510,668;272,0096
2512,894;271,9319
2515,24;271,8499
2517,855;271,7586
2520,469;271,6673
2522,597;271,593
2525,005;271,5089
2527,106;271,4355
2529,087;271,3664
2531,493;271,2823
2533,778;271,2026
2536,036;271,1237
2538,302;271,0446
2540,328;270,9738
2542,562;270,8958
2545,255;270,8018
2547,417;270,7263
2549,796;270,6432
2552,326;270,5549
2554,757;270,47
2556,953;270,3933
2559,023;270,321
2560,966;270,2532
2562,989;270,1826
2564,815;270,1188
2566,754;270,0511
2568,943;269,9746
2570,9;269,9063
2572,896;269,8366
2574,671;269,7746
2576,56;269,7086
2579,093;269,6202
2580,923;269,5563
2582,922;269,4865
2584,998;269,414
2586,969;269,3452
2589,073;269,2717
2591,254;269,1955
2593,865;269,1043
2596,047;269,0281
2598,003;268,9598
2600,028;268,8891
2601,98;268,821
2604,029;268,7494
2606,178;268,6743
2608,683;268,5869
2610,63;268,5189
2612,661;268,448
2615,525;268,3479
2618,073;268,259
2620,271;268,1822
2622,559;268,1023
2624,567;268,0322
2626,92;267,95
2629,155;267,872
2631,425;267,7927
2633,404;267,7236
2635,356;267,6554
2637,545;267,5789
2639,368;267,5153
2641,439;267,443
2643,615;267,367
2645,621;267,2969
2647,512;267,2309
2650,146;267,1389
2652,019;267,0735
2653,889;267,0082
2655,803;266,9413
2657,863;266,8694
2659,926;266,7974
2662,345;266,7129
2664,27;266,6457
2666,836;266,5561
2668,924;266,4832
2670,844;266,4161
2672,794;266,348
2674,691;266,2818
2676,589;266,2155
2678,574;266,1461
2680,449;266,0807
2682,629;266,0045
2684,565;265,937
2686,718;265,8618
2688,833;265,7879
2690,883;265,7163
2692,942;265,6444
2694,929;265,575
2697,636;265,4805
2699,918;265,4008
2702,318;265,317
2704,51;265,2404
2706,829;265,1595
2708,77;265,0917
2710,83;265,0197
2713,069;264,9415
2715,043;264,8726
2717,235;264,7961
2719,642;264,712
2721,818;264,636
2724,104;264,5562
2726,136;264,4852
2728,097;264,4167
2730,199;264,3433
2732,59;264,2598
2734,744;264,1846
2737,191;264,0992
2739,212;264,0286
2741,417;263,9516
2743,37;263,8834
2745,455;263,8105
2747,376;263,7435
2749,534;263,6681
2751,448;263,6013
2753,652;263,5243
2755,773;263,4502
2757,87;263,377
2759,816;263,3091
2761,765;263,241
2764,042;263,1615
2766,663;263,0699
2768,722;262,998
2770,877;262,9228
2772,893;262,8524
2774,933;262,7812
2777,173;262,7029
2779,24;262,6307
2781,405;262,5551
2783,605;262,4783
2785,482;262,4128
2787,649;262,3371
2789,546;262,2708
2791,525;262,2017
2793,585;262,1298
2795,453;262,0646
2797,39;261,9969
2799,282;261,9308
2801,851;261,8411
2804,084;261,7631
2806,298;261,6858
2808,31;261,6155
2810,288;261,5465
2812,294;261,4764
2814,188;261,4103
2816,147;261,3419
2818,35;261,265
2820,401;261,1933
2822,84;261,1082
2824,948;261,0345
2826,986;260,9634
2829,091;260,8899
2830,931;260,8256
2832,879;260,7576
2835,022;260,6828
2837,319;260,6025
2839,565;260,5241
2841,625;260,4522
2843,554;260,3848
2845,716;260,3093
2847,982;260,2302
2850,335;260,148
2852,206;260,0827
2854,125;260,0157
2856,99;259,9156
2859,679;259,8217
2862,135;259,736
2864,383;259,6575
2866,601;259,58
2869,117;259,4921
2871,566;259,4066
2873,696;259,3323
2875,872;259,2563
2877,916;259,1849
2879,912;259,1151
2881,918;259,0451
2883,881;258,9766
2885,694;258,9132
2887,498;258,8503
2889,897;258,7665
2892,31;258,6823
2894,44;258,6079
2897,041;258,5171
2898,988;258,4491
2901,184;258,3724
2903,355;258,2965
2905,681;258,2153
2908,113;258,1304
2910,113;258,0606
2912,435;257,9795
2914,675;257,9012
2916,841;257,8256
2918,887;257,7542
2920,758;257,6888
2922,599;257,6245
2924,451;257,5599
2926,528;257,4874
2929,28;257,3913
2931,448;257,3156
2933,557;257,2419
2935,497;257,1742
2937,434;257,1065
2939,376;257,0387
2941,306;256,9713
2943,757;256,8857
2945,665;256,8191
2948,052;256,7357
2950,025;256,6668
2952,075;256,5952
2953,979;256,5287
2955,803;256,465
2957,786;256,3958
2959,883;256,3225
2962,105;256,2449
2964,118;256,1747
2966,051;256,1071
2968,262;256,0299
2970,126;255,9649
2972,257;255,8904
2974,212;255,8222
2976,449;255,744
2978,654;255,6671
2980,907;255,5884
2983,176;255,5091
2985,371;255,4325
2987,491;255,3585
2989,519;255,2876
2991,425;255,2211
2993,613;255,1447
2996,114;255,0573
2998,164;254,9857
3000,234;254,9135
3002,801;254,8238
3005,554;254,7277
3008,163;254,6366
3010,391;254,5588
3013,027;254,4667
3014,997;254,3979
3017,32;254,3168
3019,615;254,2367
3021,957;254,1549
3024,2;254,0766
3026,499;253,9963
3028,938;253,9111
3031,277;253,8294
3033,502;253,7517
3036,813;253,6361
3039,299;253,5493
3041,527;253,4715
3043,26;253,411
3045,434;253,3351
3047,863;253,2502
3049,915;253,1786
3052,426;253,0909
3054,78;253,0087
3057,109;252,9274
3059,069;252,8589
3061,11;252,7876
3063,252;252,7128
3065,2;252,6448
3067,249;252,5733
3069,146;252,507
3071,607;252,4211
3073,652;252,3497
3075,556;252,2832
3077,613;252,2113
3079,698;252,1385
3081,505;252,0754
3083,554;252,0039
3085,847;251,9238
3087,796;251,8557
3090,322;251,7675
3092,423;251,6942
3094,411;251,6248
3096,389;251,5557
3098,199;251,4925
3100,295;251,4193
3102,256;251,3508
3104,51;251,2721
3106,738;251,1943
3108,692;251,1261
3110,828;251,0515
3112,745;250,9845
3114,801;250,9127
3116,779;250,8437
3119,362;250,7535
3121,58;250,676
3123,809;250,5982
3125,823;250,5278
3128,102;250,4483
3130,385;250,3685
3132,493;250,2949
3134,437;250,2271
3136,458;250,1565
3138,372;250,0896
3141,036;249,9966
3143,234;249,9199
3145,315;249,8472
3147,699;249,7639
3150,612;249,6622
3153,987;249,5444
3157,013;249,4387
3159,177;249,3631
3161,695;249,2752
3163,782;249,2023
3165,8;249,1319
3167,829;249,061
3170,136;248,9804
3172,445;248,8998
3174,407;248,8313
3176,541;248,7568
3178,893;248,6747
3180,697;248,6116
3182,934;248,5335
3184,936;248,4636
3187,234;248,3834
3189,458;248,3057
3191,605;248,2307
3193,625;248,1602
3195,694;248,088
3198,047;248,0058
3200,152;247,9323
3202,204;247,8606
3204,286;247,7879
3206,556;247,7086
3208,604;247,6371
3211,187;247,5469
3213,22;247,4759
3215,328;247,4023
3217,409;247,3296
3219,389;247,2605
3221,238;247,1959
3223,356;247,1219
3225,682;247,0407
3227,631;246,9727
3229,963;246,8912
3231,879;246,8243
3233,781;246,7579
3235,878;246,6847
3237,735;246,6198
3239,654;246,5528
3241,747;246,4797
3243,811;246,4077
3246,396;246,3174
3248,25;246,2526
3250,173;246,1855
3252,108;246,1179
3254,528;246,0334
3256,515;245,964
3258,633;245,89
3260,838;245,8131
3263,124;245,7332
3265,442;245,6523
3267,395;245,5841
3269,545;245,509
3271,754;245,4319
3273,684;245,3645
3275,638;245,2962
3277,58;245,2284
3279,982;245,1445
3282,11;245,0702
3284,074;245,0016
3286,028;244,9334
3287,964;244,8658
3289,864;244,7994
3291,738;244,734
3293,871;244,6595
3296,181;244,5788
3298,296;244,505
3300,593;244,4248
3302,772;244,3486
3304,868;244,2755
3306,999;244,2011
3309,322;244,1199
3311,31;244,0505
3313,578;243,9713
3315,681;243,8979
3317,601;243,8308
3319,696;243,7577
3321,531;243,6936
3323,617;243,6207
3325,524;243,5542
3327,473;243,4861
3329,842;243,4034
3331,914;243,331
3334,01;243,2578
3335,939;243,1904
3338,136;243,1137
3340,123;243,0443
3342,545;242,9598
3345,207;242,8668
3347,771;242,7773
3351,184;242,6581
3353,222;242,5869
3355,455;242,5089
3357,559;242,4355
3359,598;242,3643
3361,812;242,287
3364,111;242,2067
3366,267;242,1314
3368,728;242,0454
3370,772;241,974
3372,795;241,9034
3374,576;241,8412
3376,832;241,7624
3378,727;241,6962
3380,656;241,6289
3382,538;241,5632
3384,698;241,4878
3386,596;241,4215
3388,522;241,3542
3390,699;241,2782
3392,631;241,2107
3394,782;241,1356
3396,626;241,0712
3398,837;240,994
3401,294;240,9082
3403,576;240,8285
3405,84;240,7495
3407,969;240,6751
3410,135;240,5994
3412,022;240,5336
3414,348;240,4523
3416,692;240,3705
3418,679;240,3011
3420,621;240,2333
3422,765;240,1584
3424,678;240,0916
3426,62;240,0238
3428,673;239,9521
3430,555;239,8864
3432,489;239,8188
3435,158;239,7256
3437,059;239,6593
3439,409;239,5772
3442,162;239,481
3444,874;239,3863
3446,852;239,3173
3448,934;239,2445
3451,278;239,1627
3454,365;239,0549
3456,513;238,9799
3458,468;238,9116
3460,487;238,8411
3462,562;238,7686
3464,683;238,6946
3466,92;238,6164
3469,375;238,5307
3471,62;238,4523
3473,744;238,3782
3475,658;238,3113
3477,533;238,2458
3479,547;238,1755
3481,61;238,1035
3483,546;238,0358
3485,729;237,9596
3488,315;237,8693
3490,554;237,7911
3492,822;237,7119
3495,225;237,628
3497,557;237,5466
3499,645;237,4737
3501,591;237,4057
3504,081;237,3188
3506,089;237,2486
3508,226;237,174
3510,431;237,097
3512,748;237,0161
3514,711;236,9475
3516,708;236,8778
3518,78;236,8054
3520,745;236,7368
3522,919;236,6609
3524,881;236,5924
3526,814;236,5249
3528,705;236,4589
3530,972;236,3797
3533,27;236,2994
3535,524;236,2207
3537,821;236,1405
3540,269;236,055
3542,417;235,98
3545,123;235,8855
3547,19;235,8133
3549,479;235,7334
3551,732;235,6547
3554,033;235,5744
3556,3;235,4952
3558,742;235,4099
3561,094;235,3278
3563,245;235,2527
3565,343;235,1794
3567,433;235,1065
3569,516;235,0337
3571,858;234,9519
3573,976;234,878
3576,444;234,7918
3578,966;234,7038
3580,944;234,6347
3583,127;234,5584
3585,69;234,4689
3588,378;234,3751
3591,832;234,2544
3594,849;234,1491
3597,976;234,0399
3600,846;233,9397
3603,711;233,8396
3606,528;233,7413
3609,047;233,6533
3611,198;233,5782
3613,201;233,5082
3615,331;233,4339
3617,171;233,3696
3619,242;233,2973
3621,129;233,2314
3623,02;233,1654
3624,969;233,0973
3627,035;233,0251
3629,06;232,9544
3631;232,8867
3633,988;232,7823
3636,114;232,7081
3638,361;232,6296
3640,579;232,5522
3642,626;232,4807
3645,278;232,3881
3647,577;232,3078
3649,918;232,226
3652,076;232,1507
3654,005;232,0833
3656,061;232,0115
3657,969;231,9449
3660,088;231,8709
3662,656;231,7812
3664,883;231,7034
3666,841;231,6351
3669,448;231,544
3671,962;231,4562
3674,079;231,3823
3676,324;231,3039
3678,638;231,2231
3681,062;231,1385
3683,078;231,0681
3685,2;230,994
3687,333;230,9195
3690,093;230,8231
3692,566;230,7367
3694,879;230,656
3697,147;230,5768
3699,469;230,4957
3701,558;230,4227
3703,738;230,3466
3706,37;230,2547
3708,38;230,1845
3710,484;230,111
3712,423;230,0433
3714,988;229,9537
3717,41;229,8691
3719,43;229,7986
3721,574;229,7237
3723,592;229,6533
3725,662;229,581
3727,752;229,508
3729,683;229,4406
3731,991;229,36
3734,067;229,2875
3735,852;229,2251
3738,03;229,1491
3740,031;229,0792
3742,157;229,0049
3743,993;228,9408
3746,004;228,8706
3748,238;228,7926
3750,533;228,7124
3752,679;228,6375
3754,669;228,568
3756,461;228,5055
3758,521;228,4335
3760,596;228,3611
3762,936;228,2794
3764,928;228,2098
3766,937;228,1396
3768,938;228,0698
3771,501;227,9803
3773,486;227,9109
3775,697;227,8337
3778,152;227,748
3780,418;227,6689
3782,699;227,5892
3785,012;227,5085
3787,302;227,4285
3789,525;227,3508
3791,74;227,2735
3793,831;227,2005
3795,771;227,1327
3797,862;227,0597
3799,898;226,9886
3802,216;226,9077
3804,337;226,8336
3807,441;226,7252
3810,457;226,6199
3812,991;226,5314
3815,598;226,4404
3817,632;226,3693
3819,765;226,2949
3822,572;226,1968
3825,008;226,1118
3827,247;226,0336
3829,436;225,9572
3831,751;225,8763
3833,843;225,8033
3835,734;225,7372
3838;225,6581
3839,908;225,5915
3842,199;225,5114
3844,215;225,4411
3846,315;225,3677
3848,379;225,2957
3850,191;225,2324
3852,579;225,149
3854,683;225,0755
3856,844;225
3858,936;224,927
3861,064;224,8527
3863,012;224,7847
3865,095;224,7119
3867,028;224,6444
3869,112;224,5717
3871,116;224,5017
3873,193;224,4291
3876,266;224,3218
3878,883;224,2304
3881,11;224,1527
3883,293;224,0764
3885,521;223,9987
3888,264;223,9029
3890,781;223,815
3893,114;223,7335
3895,646;223,6451
3898,089;223,5597
3900,292;223,4828
3902,607;223,402
3904,995;223,3186
3907,319;223,2374
3909,557;223,1593
3912,169;223,0681
3914,799;222,9762
3917,371;222,8864
3920,067;222,7923
3922,783;222,6974
3925,187;222,6135
3927,167;222,5443
3929,276;222,4707
3931,418;222,3959
3933,327;222,3292
3935,298;222,2604
3937,429;222,1859
3939,6;222,1101
3941,631;222,0392
3943,772;221,9644
3945,819;221,8929
3948,008;221,8165
3950,065;221,7447
3952,244;221,6686
3954,457;221,5913
3956,401;221,5234
3958,645;221,4451
3960,602;221,3767
3962,862;221,2978
3964,876;221,2275
3966,739;221,1624
3968,869;221,088
3970,73;221,0231
3972,624;220,9569
3974,796;220,8811
3976,847;220,8094
3978,867;220,7389
3981,635;220,6422
3983,547;220,5755
3985,733;220,4992
3988,073;220,4174
3990,204;220,343
3992,677;220,2567
3994,958;220,177
3996,943;220,1077
3998,894;220,0395
4000,825;219,9721
4002,765;219,9044
4004,719;219,8362
4006,612;219,7701
4008,551;219,7023
4010,491;219,6346
4012,999;219,547
4015,007;219,4769
4017,029;219,4063
4019,598;219,3166
4022,302;219,2221
4025,133;219,1233
4028,496;219,0058
4032,053;218,8816
4034,96;218,7801
4037,89;218,6778
4040,703;218,5796
4043,201;218,4923
4045,313;218,4186
4047,442;218,3442
4049,89;218,2588
4052,701;218,1606
4054,984;218,0809
4057,085;218,0075
4059,309;217,9299
4061,879;217,8401
4064,255;217,7571
4066,743;217,6702
4069,164;217,5857
4071,084;217,5186
4072,953;217,4534
4075,03;217,3809
4076,944;217,314
4078,868;217,2468
4080,848;217,1777
4082,801;217,1095
4084,902;217,0361
4087,499;216,9454
4089,841;216,8636
4093,11;216,7495
4095,868;216,6532
4099,13;216,5393
4101,605;216,4528
4103,512;216,3862
4105,962;216,3007
4108,708;216,2048
4111,244;216,1162
4113,558;216,0354
4115,791;215,9574
4117,886;215,8843
4120;215,8104
4122,153;215,7353
4124,31;215,6599
4126,288;215,5909
4128,205;215,5239
4130,243;215,4527
4132,709;215,3666
4134,94;215,2887
4137,159;215,2112
4139,203;215,1399
4141,272;215,0676
4143,25;214,9985
4145,19;214,9308
4147,294;214,8573
4149,355;214,7853
4151,516;214,7099
4153,561;214,6385
4155,716;214,5632
4157,626;214,4965
4159,954;214,4152
4161,792;214,351
4164,16;214,2683
4166,437;214,1888
4168,542;214,1153
4170,722;214,0392
4172,81;213,9663
4174,701;213,9002
4176,737;213,8291
4178,63;213,763
4180,705;213,6905
4183,069;213,608
4184,928;213,5431
4187,2;213,4637
4189,74;213,375
4191,961;213,2975
4193,969;213,2274
4196,263;213,1473
4198,356;213,0741
4200,85;212,9871
4203,228;212,904
4205,734;212,8165
4207,778;212,7451
4209,803;212,6744
4212,093;212,5945
4214,375;212,5148
4216,599;212,4371
4218,842;212,3588
4220,789;212,2908
4223,498;212,1962
4225,775;212,1167
4227,791;212,0463
4229,975;211,97
4232,08;211,8965
4234,125;211,8251
4237,398;211,7108
4240,496;211,6026
4243,16;211,5096
4246,018;211,4098
4248,523;211,3223
4251,365;211,2231
4253,514;211,148
4255,54;211,0773
4258,095;210,988
4260,861;210,8915
4263,295;210,8065
4265,324;210,7356
4267,239;210,6687
4269,273;210,5977
4271,937;210,5047
4274,022;210,4319
4276,023;210,362
4277,96;210,2943
4279,933;210,2255
4282,018;210,1526
4284,205;210,0763
4286,346;210,0015
4288,252;209,935
4290,46;209,8578
4292,505;209,7864
4295,513;209,6814
4297,589;209,6089
4299,709;209,5349
4301,953;209,4565
4303,855;209,3901
4306,009;209,3149
4308,488;209,2283
4310,659;209,1525
4312,804;209,0776
4314,836;209,0067
4316,952;208,9328
4318,799;208,8683
4320,876;208,7957
4322,801;208,7285
4324,701;208,6622
4326,985;208,5824
4328,972;208,513
4331,061;208,4401
4333,178;208,3662
4335,42;208,2879
4337,383;208,2193
4339,426;208,148
4341,757;208,0666
4344,089;207,9852
4346,102;207,9149
4348,343;207,8366
4350,419;207,7641
4352,271;207,6994
4354,312;207,6282
4356,342;207,5572
4358,948;207,4662
4361,036;207,3933
4363,09;207,3216
4365,052;207,2531
4367,135;207,1803
4369,139;207,1104
4371,269;207,036
4373,176;206,9694
4375,338;206,8939
4377,888;206,8048
4380,382;206,7177
4383,106;206,6226
4386,57;206,5017
4389,492;206,3996
4391,513;206,3291
4393,693;206,2529
4396,886;206,1414
4399,57;206,0477
4402,223;205,955
4404,747;205,8669
4406,788;205,7956
4408,78;205,7261
4411,014;205,648
4413,487;205,5617
4415,827;205,48
4417,925;205,4067
4420,42;205,3195
4422,477;205,2477
4424,634;205,1724
4426,621;205,103
4429,431;205,0049
4431,703;204,9256
4433,834;204,8511
4436,079;204,7727
4438,344;204,6936
4440,438;204,6205
4442,521;204,5478
4444,505;204,4785
4447,104;204,3878
4449,269;204,3121
4451,53;204,2332
4453,695;204,1576
4455,912;204,0802
4457,988;204,0077
4460,05;203,9357
4462,544;203,8486
4464,484;203,7808
4466,442;203,7125
4468,442;203,6426
4470,373;203,5752
4472,25;203,5097
4474,198;203,4416
4476,119;203,3745
4478,485;203,2919
4480,614;203,2176
4483,163;203,1286
4485,583;203,044
4487,362;202,9819
4489,592;202,9041
4491,553;202,8356
4493,604;202,764
4496,033;202,6792
4498,228;202,6025
4500,1;202,5372
4502,204;202,4637
4504,659;202,3779
4506,821;202,3025
4508,954;202,228
4511,171;202,1505
4513,226;202,0788
4515,151;202,0116
4517,552;201,9277
4519,611;201,8558
4521,844;201,7779
4523,92;201,7054
4525,825;201,6388
4528,323;201,5516
4530,531;201,4745
4532,648;201,4006
4534,677;201,3297
4536,85;201,2538
4538,973;201,1797
4540,959;201,1103
4543,163;201,0334
4545,49;200,9521
4547,833;200,8703
4550,893;200,7634
4554,142;200,65
4557,702;200,5257
4559,917;200,4483
4562,429;200,3606
4565,578;200,2506
4567,712;200,1761
4569,794;200,1033
4572,119;200,0222
4574,104;199,9528
4576,094;199,8833
4577,982;199,8174
4580,098;199,7435
4582,062;199,6749
4584,176;199,6011
4586,633;199,5153
4588,852;199,4378
4591,177;199,3566
4593,214;199,2855
4595,261;199,214
4597,253;199,1445
4600,05;199,0468
4602,024;198,9778
4604,047;198,9072
4606,229;198,831
4609,087;198,7312
4611,958;198,631
4614,867;198,5294
4616,933;198,4572
4619,2;198,3781
4621,397;198,3013
4624,026;198,2095
4626,249;198,1319
4628,626;198,0489
4630,888;197,9699
4633,035;197,8949
4635,855;197,7964
4638,514;197,7036
4641,386;197,6033
4644,026;197,5111
4646,039;197,4408
4648,285;197,3624
4650,566;197,2827
4652,667;197,2094
4655,204;197,1208
4657,852;197,0283
4660,775;196,9262
4663,494;196,8313
4665,503;196,7611
4667,425;196,694
4669,488;196,6219
4671,962;196,5355
4674,154;196,459
4676,251;196,3858
4678,385;196,3112
4680,929;196,2224
4684,076;196,1125
4686,235;196,0371
4688,329;195,964
4691,045;195,8691
4693,568;195,781
4696,061;195,694
4698,626;195,6044
4700,638;195,5341
4702,71;195,4618
4704,769;195,3899
4706,926;195,3146
4709,502;195,2246
4711,758;195,1458
4714,044;195,066
4715,976;194,9985
4717,965;194,9291
4720,085;194,8551
4722,158;194,7827
4724,558;194,6989
4726,765;194,6218
4729,251;194,535
4731,987;194,4394
4734,652;194,3464
4736,906;194,2676
4739,122;194,1903
4741,809;194,0964
4744,699;193,9955
4746,862;193,92
4748,912;193,8484
4751,173;193,7694
4753,299;193,6952
4755,666;193,6125
4758,101;193,5275
4760,535;193,4425
4762,935;193,3587
4765,231;193,2785
4767,487;193,1997
4769,481;193,1301
4771,475;193,0605
4773,608;192,9859
4775,752;192,9111
4778,104;192,8289
4780,188;192,7562
4782,338;192,6811
4784,304;192,6124
4786,33;192,5417
4788,708;192,4586
4790,689;192,3895
4792,75;192,3175
4795,34;192,2271
4797,757;192,1427
4799,931;192,0667
4802,02;191,9938
4804,262;191,9155
4806,315;191,8438
4808,221;191,7772
4810,504;191,6975
4813,359;191,5978
4815,628;191,5185
4817,855;191,4408
4819,919;191,3687
4822,025;191,2952
4823,876;191,2305
4826,256;191,1474
4829,192;191,0449
4831,36;190,9691
4833,788;190,8844
4835,881;190,8113
4838,333;190,7257
4840,453;190,6516
4842,62;190,576
4844,592;190,5071
4847,044;190,4215
4849,172;190,3472
4851,455;190,2675
4853,671;190,19
4855,693;190,1194
4857,689;190,0498
4859,783;189,9766
4861,876;189,9035
4864,783;189,802
4867,073;189,7221
4869,277;189,6451
4871,46;189,5688
4873,522;189,4968
4875,676;189,4216
4878,343;189,3285
4880,439;189,2553
4882,598;189,1799
4884,633;189,1088
4886,678;189,0374
4888,866;188,961
4890,716;188,8964
4892,934;188,819
4895,306;188,7361
4897,68;188,6532
4900,587;188,5517
4904,266;188,4232
4907,293;188,3175
4910,079;188,2202
4912,954;188,1199
4915,994;188,0137
4919,932;187,8762
4922,827;187,7751
4925,652;187,6764
4928,525;187,5761
4931,188;187,4831
4933,984;187,3855
4936,934;187,2825
4939,39;187,1967
4941,956;187,1071
4944,483;187,0188
4947,688;186,9069
4950,067;186,8239
4953,131;186,7169
4955,455;186,6357
4958,036;186,5456
4961,487;186,4251
4964,164;186,3316
4966,606;186,2463
4968,92;186,1655
4971,86;186,0629
4974,316;185,9771
4976,945;185,8853
4979,701;185,789
4982,131;185,7042
4985,41;185,5897
4988,317;185,4882
4991,418;185,3799
4994,591;185,2691
4997,136;185,1802
5000,638;185,0579
5003,234;184,9673
5005,953;184,8723
5009,153;184,7606
5012,607;184,64
5015,751;184,5302
5018,822;184,4229
5021,398;184,3329
5023,511;184,2592
5025,762;184,1806
5028,186;184,0959
5030,404;184,0185
5032,672;183,9393
5034,643;183,8704
5036,579;183,8028
5038,895;183,7219
5042,401;183,5995
5045,45;183,493
5048,157;183,3985
5050,861;183,304
5053,574;183,2093
5056,214;183,1171
5058,748;183,0287
5060,769;182,9581
5062,796;182,8873
5064,796;182,8174
5067,354;182,7281
5069,541;182,6517
5071,718;182,5757
5074,232;182,4879
5076,218;182,4186
5079,063;182,3192
5081,9;182,2201
5084,758;182,1203
5087,262;182,0329
5089,659;181,9492
5092,259;181,8584
5094,332;181,786
5096,448;181,7121
5098,785;181,6305
5101,008;181,5529
5103,254;181,4744
5105,164;181,4077
5107,439;181,3283
5109,634;181,2516
5112,874;181,1385
5115,961;181,0307
5118,373;180,9465
5121,082;180,8519
5124,047;180,7483
5126,727;180,6547
5129,578;180,5552
5131,963;180,4719
5134,005;180,4006
5135,89;180,3347
5137,96;180,2625
5140,042;180,1898
5142,465;180,1052
5145,276;180,007
5147,723;179,9216
5149,934;179,8443
5152,375;179,7591
5155,028;179,6664
5157;179,5976
5159,171;179,5218
5161,299;179,4475
5163,238;179,3798
5165,272;179,3087
5167,373;179,2354
5169,383;179,1652
5171,32;179,0975
5173,325;179,0275
5175,472;178,9525
5177,358;178,8867
5179,458;178,8133
5181,526;178,7411
5184,173;178,6487
5186,302;178,5743
5188,713;178,4901
5190,776;178,4181
5192,588;178,3548
5194,71;178,2807
5196,596;178,2149
5198,514;178,1479
5200,563;178,0763
5202,95;177,993
5205,083;177,9185
5207,021;177,8508
5208,921;177,7844
5210,898;177,7154
5212,945;177,6439
5215,236;177,5639
5217,691;177,4782
5220,143;177,3926
5222,559;177,3082
5224,627;177,236
5226,738;177,1623
5228,963;177,0846
5230,912;177,0165
5232,892;176,9474
5234,887;176,8777
5237,024;176,8031
5239,126;176,7297
5241,2;176,6573
5243,128;176,5899
5245,029;176,5235
5248,087;176,4168
5250,563;176,3303
5252,723;176,2549
5254,827;176,1814
5256,957;176,107
5259,169;176,0297
5261,179;175,9595
5263,414;175,8815
5265,276;175,8165
5267,273;175,7468
5269,188;175,6799
5271,008;175,6163
5273,117;175,5427
5275,286;175,4669
5277,186;175,4006
5279,595;175,3165
5281,548;175,2483
5283,664;175,1744
5285,987;175,0933
5288,246;175,0144
5290,519;174,935
5292,458;174,8673
5294,366;174,8007
5296,339;174,7318
5298,179;174,6676
5300,091;174,6008
5302,22;174,5264
5304,394;174,4505
5306,454;174,3786
5308,547;174,3055
5311,449;174,2041
5313,478;174,1333
5315,533;174,0615
5317,573;173,9903
5319,711;173,9156
5322,013;173,8353
5324,232;173,7578
5326,332;173,6844
5328,372;173,6132
5330,364;173,5436
5332,256;173,4776
5334,446;173,4011
5336,459;173,3308
5338,389;173,2634
5340,211;173,1998
5343,146;173,0973
5345,351;173,0203
5347,531;172,9442
5349,365;172,8801
5351,249;172,8143
5353,273;172,7436
5355,829;172,6544
5358,258;172,5696
5360,561;172,4892
5362,717;172,4139
5364,733;172,3434
5366,993;172,2645
5368,974;172,1953
5370,953;172,1262
5372,896;172,0584
5375,502;171,9673
5377,494;171,8978
5379,39;171,8316
5381,345;171,7633
5383,533;171,6869
5385,862;171,6055
5388,332;171,5193
5390,684;171,4371
5392,906;171,3596
5395,035;171,2852
5397,006;171,2164
5399,784;171,1194
5402,007;171,0418
5404,285;170,9622
5406,25;170,8936
5408,923;170,8002
5411,143;170,7227
5413,05;170,6561
5415,125;170,5837
5417,164;170,5124
5419,209;170,441
5421,375;170,3654
5423,371;170,2957
5425,704;170,2142
5427,917;170,1369
5430,027;170,0633
5432,035;169,9931
5433,977;169,9253
5436,159;169,8491
5438,417;169,7703
5441,336;169,6683
5443,553;169,5909
5445,484;169,5235
5447,821;169,4418
5449,881;169,3699
5451,865;169,3006
5453,983;169,2267
5456,443;169,1408
5458,804;169,0583
5460,943;168,9836
5463,164;168,9061
5465,084;168,839
5467,06;168,7701
5468,937;168,7045
5471,145;168,6274
5473,526;168,5442
5475,773;168,4658
5478,063;168,3858
5480,08;168,3154
5482,09;168,2452
5484,079;168,1757
5486,87;168,0783
5488,818;168,0102
5490,924;167,9367
5493,014;167,8637
5495,125;167,79
5497,473;167,708
5500,065;167,6175
5502,196;167,5431
5504,13;167,4755
5507,139;167,3705
5509,42;167,2908
5511,614;167,2142
5513,57;167,1459
5515,654;167,0731
5517,612;167,0047
5519,641;166,9339
5521,475;166,8698
5523,513;166,7987
5525,616;166,7252
5527,924;166,6446
5530,156;166,5667
5532,525;166,484
5534,686;166,4085
5536,777;166,3355
5539,522;166,2396
5541,72;166,1629
5543,859;166,0882
5545,94;166,0155
5547,903;165,9469
5549,844;165,8792
5551,659;165,8158
5553,778;165,7418
5555,771;165,6722
5558,203;165,5873
5560,192;165,5178
5562,438;165,4394
5564,819;165,3562
5567,472;165,2636
5569,521;165,192
5571,939;165,1076
5574,106;165,032
5576,265;164,9566
5578,552;164,8767
5580,518;164,808
5582,626;164,7344
5584,672;164,663
5586,786;164,5891
5588,853;164,517
5590,703;164,4524
5592,835;164,3779
5594,889;164,3062
5596,982;164,2331
5599,382;164,1493
5602,664;164,0347
5604,706;163,9634
5606,737;163,8924
5609,032;163,8123
5610,969;163,7446
5612,821;163,68
5614,771;163,6118
5616,678;163,5452
5618,951;163,4659
5621,212;163,3869
5623,105;163,3208
5625,104;163,251
5627,081;163,182
5629,37;163,102
5632,095;163,0069
5636,5;162,853
5639,543;162,7467
5642,101;162,6574
5644,754;162,5648
5646,884;162,4904
5648,895;162,4202
5651,183;162,3403
5653,695;162,2526
5656,44;162,1567
5658,604;162,0811
5660,501;162,0149
5662,385;161,9491
5664,493;161,8755
5666,564;161,8032
5668,911;161,7212
5671,198;161,6414
5673,662;161,5553
5675,689;161,4845
5677,825;161,4099
5680,219;161,3263
5682,455;161,2483
5684,366;161,1815
5686,466;161,1082
5688,513;161,0367
5690,544;160,9658
5692,416;160,9004
5694,496;160,8278
5696,461;160,7591
5698,552;160,6861
5701,03;160,5996
5703,605;160,5096
5705,969;160,4271
5708,066;160,3539
5710,384;160,2729
5712,455;160,2006
5714,492;160,1295
5716,78;160,0496
5718,783;159,9796
5720,743;159,9112
5722,783;159,8399
5724,822;159,7688
5726,912;159,6958
5728,783;159,6304
5730,853;159,5581
5733,431;159,4681
5735,521;159,3951
5737,921;159,3113
5740,418;159,2241
5742,953;159,1356
5745,102;159,0605
5747,181;158,9879
5749,421;158,9097
5751,68;158,8308
5753,783;158,7574
5755,761;158,6883
5757,728;158,6196
5759,776;158,5481
5761,827;158,4765
5764,514;158,3827
5766,678;158,3071
5768,71;158,2361
5771,077;158,1535
5773,717;158,0613
5776,333;157,97
5778,73;157,8862
5780,78;157,8147
5782,862;157,7419
5785,238;157,659
5787,97;157,5636
5790,732;157,4671
5793,285;157,378
5796,022;157,2824
5798,527;157,1949
5801,607;157,0874
5804,447;156,9882
5807,259;156,89
5809,978;156,7951
5812,908;156,6927
5815,415;156,6052
5818,063;156,5128
5820,745;156,4191
5823,447;156,3247
5826,282;156,2257
5828,827;156,1368
5831,68;156,0372
5834,5;155,9387
5837,233;155,8433
5840,212;155,7393
5844,678;155,5833
5847,851;155,4725
5850,995;155,3627
5853,709;155,2679
5856,009;155,1876
5858,534;155,0995
5861,058;155,0113
5863,176;154,9374
5865,518;154,8556
5867,794;154,7761
5870,102;154,6955
5872,294;154,6189
5874,794;154,5316
5877,149;154,4494
5880,019;154,3492
5882,097;154,2766
5884,506;154,1925
5886,691;154,1161
5890,506;153,983
5892,501;153,9133
5894,512;153,8431
5896,465;153,7749
5898,294;153,711
5900,32;153,6403
5902,311;153,5707
5904,458;153,4957
5906,683;153,418
5908,794;153,3443
5910,795;153,2744
5913,243;153,189
5915,104;153,124
5917,513;153,0399
5919,865;152,9577
5922,025;152,8823
5924,394;152,7996
5926,578;152,7233
5928,829;152,6447
5931,049;152,5672
5933;152,4991
5935,022;152,4285
5936,955;152,361
5939,055;152,2876
5941,092;152,2165
5943,588;152,1293
5945,636;152,0578
5947,625;151,9883
5949,878;151,9096
5951,893;151,8393
5953,791;151,773
5956,228;151,6879
5958,34;151,6141
5960,264;151,5469
5962,344;151,4743
5964,292;151,4063
5966,397;151,3328
5968,19;151,2701
5970,314;151,196
5972,603;151,116
5974,505;151,0496
5976,472;150,9809
5978,55;150,9084
5980,578;150,8376
5982,948;150,7548
5984,997;150,6833
5987,682;150,5895
5989,875;150,5129
5992,017;150,4381
5994,017;150,3683
5996,042;150,2976
5998,143;150,2242
6000,17;150,1534
6002,208;150,0822
6004,169;150,0137
6006,149;149,9446
6008,201;149,8729
6010,193;149,8034
6012,115;149,7363
6014,135;149,6657
6016,108;149,5968
6018,207;149,5235
6020,725;149,4356
6022,652;149,3683
6024,765;149,2945
6026,86;149,2213
6028,741;149,1556
6030,594;149,0909
6033,785;148,9795
6035,979;148,9029
6038,063;148,8302
6039,976;148,7633
6041,954;148,6943
6043,843;148,6283
6045,991;148,5533
6048,111;148,4792
6050,113;148,4093
6052,125;148,3391
6054,774;148,2466
6057,09;148,1657
6059,368;148,0862
6061,425;148,0143
6063,645;147,9368
6065,791;147,8618
6068,061;147,7826
6070,267;147,7055
6073,068;147,6077
6075,838;147,511
6077,952;147,4372
6079,975;147,3665
6082,397;147,2819
6084,633;147,2039
6087,551;147,1019
6090,124;147,0121
6092,407;146,9324
6094,875;146,8462
6097,085;146,769
6099,424;146,6873
6101,621;146,6106
6103,799;146,5346
6105,809;146,4644
6107,714;146,3979
6109,754;146,3266
6111,837;146,2539
6113,7;146,1888
6115,978;146,1093
6118,141;146,0338
6120,116;145,9648
6122,227;145,8911
6124,032;145,828
6126,259;145,7503
6128,954;145,6561
6131,634;145,5626
6133,765;145,4882
6135,608;145,4238
6137,723;145,3499
6139,696;145,281
6141,822;145,2068
6144,566;145,111
6146,791;145,0333
6148,91;144,9593
6151,063;144,8841
6153,028;144,8154
6155,235;144,7384
6157,323;144,6655
6160,066;144,5697
6162,641;144,4798
6164,904;144,4007
6166,818;144,3339
6168,909;144,2609
6170,875;144,1922
6172,953;144,1196
6174,879;144,0524
6176,932;143,9807
6178,955;143,9101
6181,252;143,8298
6183,388;143,7552
6185,368;143,6861
6187,41;143,6148
6189,624;143,5375
6192,088;143,4514
6194,098;143,3813
6196,657;143,2919
6198,599;143,2241
6201,048;143,1386
6203,114;143,0664
6204,911;143,0037
6207,641;142,9083
6209,53;142,8424
6211,629;142,7691
6213,512;142,7033
6215,45;142,6356
6217,619;142,5599
6219,713;142,4868
6221,724;142,4165
6224,458;142,3211
6226,625;142,2454
6228,821;142,1687
6231,461;142,0765
6233,702;141,9983
6236,197;141,9111
6238,485;141,8312
6240,641;141,756
6242,613;141,6871
6244,939;141,6059
6246,911;141,537
6248,953;141,4657
6251,029;141,3932
6253,105;141,3207
6255,664;141,2314
6257,763;141,1581
6260,04;141,0785
6262,344;140,9981
6264,391;140,9266
6266,726;140,845
6268,877;140,7699
6271,39;140,6822
6273,396;140,6121
6275,296;140,5458
6277,286;140,4763
6279,206;140,4093
6281,185;140,3401
6283,354;140,2644
6285,346;140,1949
6287,664;140,1139
6289,818;140,0387
6291,901;139,9659
6293,784;139,9002
6295,812;139,8294
6297,89;139,7568
6299,999;139,6832
6302,588;139,5928
6305,008;139,5083
6307,299;139,4282
6309,438;139,3536
6311,722;139,2738
6314,031;139,1931
6316,291;139,1142
6319,67;138,9962
6321,567;138,9299
6323,908;138,8482
6326,23;138,7671
6328,474;138,6888
6330,494;138,6182
6332,641;138,5432
6334,85;138,4661
6337,313;138,3801
6339,778;138,294
6342,059;138,2144
6344,114;138,1426
6346,169;138,0708
6348,165;138,0011
6350,451;137,9213
6352,407;137,853
6354,352;137,7851
6356,265;137,7183
6358,348;137,6456
6360,375;137,5748
6362,429;137,5031
6364,576;137,4281
6366,474;137,3618
6368,648;137,2859
6371,273;137,1942
6373,515;137,1159
6375,592;137,0434
6377,745;136,9682
6381,2;136,8476
6383,338;136,7729
6385,416;136,7003
6387,496;136,6277
6389,516;136,5571
6391,697;136,481
6393,632;136,4134
6395,707;136,341
6397,66;136,2728
6399,667;136,2027
6401,854;136,1263
6404,037;136,0501
6406,755;135,9551
6408,929;135,8792
6410,931;135,8093
6413,592;135,7164
6416,644;135,6098
6418,834;135,5333
6420,706;135,468
6422,858;135,3928
6424,953;135,3197
6426,86;135,2531
6429,013;135,1779
6431,222;135,1008
6433,261;135,0296
6435,215;134,9613
6437,302;134,8884
6439,187;134,8226
6442,29;134,7142
6444,532;134,6359
6446,707;134,56
6448,633;134,4927
6450,673;134,4215
6453,155;134,3348
6455,947;134,2373
6459,33;134,1192
6462,289;134,0159
6465,375;133,9081
6467,838;133,8221
6470,037;133,7453
6472,069;133,6743
6474,73;133,5814
6478,108;133,4634
6480,653;133,3746
6482,746;133,3015
6484,775;133,2307
6486,915;133,1559
6489,219;133,0754
6491,183;133,0069
6493,373;132,9304
6495,247;132,8649
6497,269;132,7943
6499,245;132,7253
6501,425;132,6492
6503,352;132,5819
6505,434;132,5092
6507,412;132,4401
6510,775;132,3227
6513,143;132,24
6515,471;132,1587
6517,723;132,0801
6519,836;132,0063
6521,81;131,9373
6523,878;131,8651
6525,856;131,7961
6528;131,7212
6530,192;131,6446
6532,165;131,5757
6534,012;131,5112
6536,111;131,4379
6538,176;131,3658
6540,482;131,2853
6542,383;131,2189
6544,318;131,1513
6546,814;131,0642
6548,896;130,9915
6551,232;130,9099
6553,447;130,8325
6555,65;130,7556
6557,66;130,6854
6559,824;130,6098
6561,994;130,5341
6564,276;130,4544
6566,191;130,3875
6568,639;130,302
6571,179;130,2133
6573,072;130,1472
6575,21;130,0725
6577,183;130,0036
6579,542;129,9212
6581,686;129,8464
6583,895;129,7693
6585,974;129,6967
6588,117;129,6218
6590,405;129,5419
6592,68;129,4624
6594,736;129,3907
6596,726;129,3212
6598,884;129,2458
6600,797;129,179
6603,656;129,0791
6605,741;129,0063
6608,203;128,9204
6611,177;128,8165
6614,517;128,6999
6617,674;128,5896
6619,95;128,5101
6622,249;128,4298
6624,308;128,3579
6626,443;128,2834
6628,488;128,212
6630,742;128,1333
6633,326;128,043
6635,57;127,9647
6638,243;127,8713
6640,438;127,7947
6643,27;127,6958
6646,457;127,5845
6649,786;127,4682
6652,816;127,3624
6654,811;127,2928
6656,859;127,2212
6659,004;127,1463
6661,283;127,0667
6663,25;126,998
6665,391;126,9233
6667,569;126,8473
6669,535;126,7786
6671,731;126,7019
6673,982;126,6233
6676,041;126,5514
6678,516;126,465
6680,82;126,3845
6683,479;126,2917
6686,052;126,2018
6688,617;126,1123
6690,987;126,0295
6693,326;125,9478
6695,63;125,8674
6698,238;125,7763
6703,195;125,6032
6705,652;125,5174
6708,099;125,4319
6711,531;125,3121
6714,171;125,2199
6716,824;125,1272
6719,578;125,0311
6721,496;124,9641
6723,656;124,8886
6725,608;124,8205
6727,661;124,7488
6729,638;124,6797
6731,827;124,6033
6733,944;124,5294
6736,027;124,4566
6738,054;124,3858
6739,994;124,3181
6742,301;124,2375
6744,392;124,1645
6746,558;124,0889
6749,076;124,0009
6752,12;123,8946
6755,503;123,7765
6759,438;123,6391
6762,294;123,5394
6764,819;123,4512
6766,741;123,3841
6769,228;123,2972
6772,06;123,1983
6774,874;123,1001
6776,826;123,0319
6779,672;122,9325
6781,902;122,8546
6784,105;122,7777
6786,474;122,695
6788,83;122,6127
6791,205;122,5298
6793,564;122,4474
6795,682;122,3734
6797,722;122,3022
6799,813;122,2292
6802,098;122,1494
6804,377;122,0698
6806,423;121,9983
6808,544;121,9243
6810,63;121,8514
6813,604;121,7476
6815,891;121,6677
6817,937;121,5963
6819,989;121,5246
6822,417;121,4398
6824,559;121,365
6826,85;121,285
6828,775;121,2178
6830,896;121,1438
6832,724;121,0799
6834,938;121,0026
6836,819;120,9369
6838,797;120,8678
6841,267;120,7816
6843,621;120,6994
6845,671;120,6278
6847,584;120,561
6849,566;120,4918
6851,706;120,4171
6853,617;120,3503
6856,004;120,267
6858,051;120,1955
6860,26;120,1183
6862,269;120,0482
6864,427;119,9728
6866,422;119,9032
6869,031;119,812
6871,333;119,7317
6873,31;119,6627
6875,413;119,5892
6877,288;119,5237
6879,341;119,452
6881,337;119,3823
6883,43;119,3092
6885,358;119,2419
6887,454;119,1687
6889,558;119,0952
6892,462;118,9938
6894,652;118,9174
6897,169;118,8294
6899,273;118,756
6901,465;118,6795
6904,142;118,586
6906,379;118,5078
6908,681;118,4275
6910,702;118,3569
6912,634;118,2894
6914,712;118,2169
6916,72;118,1467
6918,647;118,0794
6920,578;118,012
6922,748;117,9362
6924,936;117,8598
6927,352;117,7755
6929,47;117,7015
6932,421;117,5984
6934,549;117,5241
6936,645;117,4509
6938,638;117,3813
6940,827;117,3049
6942,913;117,2321
6945,639;117,1368
6948,241;117,046
6951,454;116,9338
6953,655;116,8569
6955,959;116,7765
6958,809;116,677
6962,007;116,5653
6964,905;116,4641
6967,884;116,3601
6969,935;116,2884
6972,943;116,1834
6975,873;116,0811
6978,646;115,9842
6981,32;115,8909
6983,41;115,8179
6985,645;115,7399
6988,116;115,6535
6990,229;115,5797
6992,609;115,4966
6994,778;115,4209
6996,992;115,3436
6999,114;115,2695
7001,435;115,1884
7004,054;115,097
7006,099;115,0256
7008,053;114,9573
7010,047;114,8877
7012,075;114,8169
7014,06;114,7476
7016,08;114,677
7018,33;114,5985
7020,222;114,5324
7022,111;114,4664
7024,09;114,3973
7026,671;114,3072
7028,77;114,2339
7031,672;114,1326
7033,708;114,0615
7036,037;113,9801
7038,148;113,9064
7040,704;113,8172
7042,952;113,7387
7045,361;113,6545
7047,674;113,5738
7049,879;113,4967
7052,583;113,4023
7054,883;113,322
7057,437;113,2328
7059,996;113,1435
7062,293;113,0632
7064,952;112,9704
7067,76;112,8723
7070,371;112,7812
7072,741;112,6984
7075,005;112,6193
7077,296;112,5393
7080,088;112,4418
7082,973;112,3411
7085,754;112,244
7088,477;112,1489
7091,094;112,0575
7094,315;111,945
7097,586;111,8308
7100,475;111,73
7104,887;111,5759
7107,76;111,4755
7110,464;111,3811
7113,302;111,282
7115,844;111,1932
7118,277;111,1082
7120,245;111,0395
7122,903;110,9467
7125,576;110,8534
7127,586;110,7832
7129,804;110,7057
7131,68;110,6402
7133,614;110,5727
7135,817;110,4957
7138,501;110,402
7140,418;110,3351
7143,043;110,2434
7145,434;110,1599
7147,58;110,085
7149,753;110,0091
7151,81;109,9373
7153,815;109,8672
7155,841;109,7965
7157,753;109,7297
7160,264;109,642
7162,667;109,5581
7164,855;109,4817
7167,384;109,3934
7169,372;109,324
7171,724;109,2418
7174,052;109,1605
7175,984;109,093
7178,153;109,0173
7180,236;108,9446
7182,452;108,8672
7184,536;108,7944
7186,545;108,7242
7188,758;108,647
7191,079;108,5659
7193,672;108,4754
7196,101;108,3905
7199,429;108,2743
7201,692;108,1953
7204,28;108,1049
7206,44;108,0295
7208,928;107,9426
7211,12;107,8661
7213,755;107,7741
7215,829;107,7016
7217,836;107,6315
7220,148;107,5508
7222,163;107,4804
7224,155;107,4109
7226,255;107,3376
7228,285;107,2667
7230,584;107,1863
7232,593;107,1162
7234,448;107,0514
7236,429;106,9822
7238,601;106,9064
7240,887;106,8266
7243,441;106,7374
7245,601;106,662
7247,86;106,583
7250,012;106,5079
7252,012;106,4381
7254,098;106,3652
7256,143;106,2938
7258,667;106,2057
7260,929;106,1267
7263,1;106,0508
7265,131;105,9799
7267,218;105,9071
7269,049;105,8431
7271,119;105,7708
7273,07;105,7027
7275,314;105,6243
7277,943;105,5325
7280,002;105,4606
7282,447;105,3752
7284,541;105,3021
7286,352;105,2389
7288,919;105,1492
7290,9;105,08
7292,903;105,0101
7295,146;104,9318
7297,869;104,8367
7300,078;104,7595
7302,367;104,6796
7304,752;104,5963
7307,349;104,5056
7309,291;104,4378
7311,609;104,3568
7313,807;104,2801
7316,631;104,1815
7318,822;104,105
7320,918;104,0318
7322,91;103,9622
7324,956;103,8908
7326,97;103,8204
7329,563;103,7299
7331,844;103,6502
7334,5;103,5575
7336,415;103,4906
7338,391;103,4216
7340,639;103,3431
7342,914;103,2637
7345,099;103,1874
7347,569;103,1011
7350,113;103,0123
7352,194;102,9396
7354,438;102,8613
7356,743;102,7808
7358,752;102,7106
7360,845;102,6375
7363,034;102,5611
7364,928;102,4949
7367,023;102,4218
7369,004;102,3526
7371,141;102,278
7373,06;102,211
7375,157;102,1377
7377,141;102,0685
7379,816;101,975
7382,24;101,8904
7384,358;101,8164
7386,769;101,7322
7389,013;101,6538
7390,966;101,5856
7393,025;101,5137
7394,984;101,4453
7397,175;101,3688
7399,208;101,2978
7401,106;101,2316
7403,102;101,1618
7405,102;101,092
7407,123;101,0214
7409,495;100,9386
7411,539;100,8672
7413,788;100,7887
7416,302;100,7009
7418,592;100,6209
7421,245;100,5283
7423,138;100,4622
7425,335;100,3854
7427,225;100,3194
7429,198;100,2505
7431,311;100,1768
7433,223;100,11
7435,866;100,0177
7438,06;99,94109
7440,598;99,85246
7442,748;99,77738
7445,051;99,69694
7448,206;99,58678
7450,924;99,49187
7453,208;99,4121
7455,502;99,33199
7457,44;99,26432
7459,383;99,19645
7461,628;99,11806
7463,737;99,0444
7466,035;98,96415
7468,087;98,89249
7470,691;98,80154
7473,798;98,69303
7476,866;98,58591
7479,196;98,50453
7481,32;98,43037
7488,175;98,19099
7491,864;98,06219
7494,606;97,96643
7497,075;97,88023
7499,314;97,80201
7501,365;97,73039
7503,915;97,64137
7506,295;97,55824
7508,661;97,47562
7510,703;97,40434
7513,145;97,31905
7515,475;97,23769
7517,782;97,1571
7520,005;97,07949
7522,414;96,99538
7524,758;96,9135
7526,963;96,83649
7549,028;96,06598
7553,226;95,91938
7555,568;95,83759
7558,341;95,74075
7560,548;95,66367
7562,519;95,59488
7565,803;95,48018
7568,581;95,38318
7571,175;95,29259
7573,626;95,207
7576,793;95,09639
7579,313;95,00842
7582,623;94,89284
7586,113;94,77096
7589,528;94,65169
7592,848;94,53576
7595,234;94,45245
7598,278;94,34615
7600,837;94,25678
7602,823;94,18742
7605,221;94,10371
7607,71;94,01678
7610,053;93,93497
7612,439;93,85164
7614,669;93,77374
7616,767;93,70049
7618,828;93,62852
7620,916;93,55562
7623,305;93,47218
7625,551;93,39375
7628,247;93,29961
7630,454;93,22254
7632,791;93,14092
7635,331;93,05224
7639,283;92,91423
7642,005;92,81916
7644,583;92,72913
7646,596;92,65885
7648,918;92,57777
7651,072;92,50256
7653,112;92,43133
7655,165;92,35964
7657,252;92,28675
7659,182;92,21934
7661,441;92,14044
7663,507;92,06831
7665,369;92,00331
7667,753;91,92004
7669,722;91,8513
7687,508;91,23017
7710,656;90,42182
7733,804;89,61347
7737,157;89,49639
7739,609;89,41074
7741,967;89,32842
7745,195;89,21569
7749,29;89,07269
7751,414;88,99851
7753,734;88,91748
7757,347;88,79134
7760,508;88,68092
7763,105;88,59023
7765,381;88,51076
7767,748;88,42812
7770,071;88,34701
7773,569;88,22485
7775,88;88,14412
7778,14;88,06522
7780,497;87,98292
7784,231;87,85249
7786,627;87,76882
7789,018;87,68536
7791,077;87,61345
7794,498;87,49398
7796,68;87,41777
7799,303;87,32619
7801,515;87,24895
7804,853;87,13239
7807,208;87,05016
7809,531;86,96901
7811,715;86,89276
7814,48;86,79619
7818,151;86,66799
7820,888;86,57244
7823,226;86,49078
7825,372;86,41583
7828,687;86,30008
7830,79;86,22664
7833,184;86,14301
7835,43;86,06458
7837,724;85,98447
7841,335;85,85838
7844,187;85,75878
7847,098;85,65714
7849,879;85,56001
7854,59;85,39552
7857,153;85,30599
7859,417;85,22694
7861,71;85,14687
7865,3;85,0215
7867,808;84,93394
7870,188;84,85083
7872,432;84,77247
7875,475;84,66618
7878,104;84,57439
7880,406;84,49401
7882,583;84,41798
7885,035;84,33234
7889;84,19389
7891,289;84,11397
7893,56;84,03465
7895,564;83,96465
7898,75;83,85342
7900,889;83,77871
7903,291;83,69483
7905,379;83,62188
7907,727;83,53992
7911,092;83,4224
7913,399;83,34183
7915,608;83,26467
7917,629;83,19409
7920,07;83,10887
7923,418;82,99194
7925,672;82,91324
7927,829;82,83792
7929,827;82,76813
7931,958;82,69371
7935,437;82,57226
7937,867;82,48737
7940,107;82,40916
7942,259;82,33401
7944,426;82,25835
7947,52;82,15031
7949,727;82,07321
7952,061;81,99171
7954,667;81,90073
7957,839;81,78993
7961,103;81,67597
7963,683;81,58588
7965,912;81,50803
7968,211;81,42772
7970,503;81,34768
7973,834;81,23136
7976,305;81,14511
7978,559;81,0664
7980,843;80,98664
7983,356;80,89886
7986,711;80,7817
7989,416;80,68726
7991,576;80,61182
7993,923;80,52985
7998,305;80,37684
8000,5;80,30018
8002,85;80,21812
8005,16;80,13746
8008,354;80,02596
8010,942;79,93555
8013,32;79,85252
8015,551;79,77461
8017,891;79,69292
8021,142;79,57938
8023,754;79,48814
8025,964;79,41096
8028,251;79,33111
8030,608;79,24879
8033,975;79,1312
8036,277;79,05082
8038,569;78,97077
8040,566;78,90103
8042,706;78,82629
8045,808;78,71796
8048,074;78,63884
8050,234;78,56342
8052,303;78,49117
8054,701;78,40744
8058,766;78,26549
8061,38;78,17417
8063,997;78,08281
8066,316;78,00181
8069,622;77,88637
8071,981;77,80399
8074,02;77,73278
8076,107;77,6599
8078,391;77,58015
8081,556;77,46961
8083,789;77,39163
8085,929;77,31692
8088,145;77,23953
8090,751;77,14851
8094,231;77,02699
8096,553;76,9459
8098,807;76,86722
8101,208;76,78335
8104,809;76,65763
8106,993;76,58134
8109,257;76,50227
8111,24;76,43304
8113,689;76,3475
8117,003;76,2318
8119,398;76,14816
8121,455;76,07634
8124,426;75,97256
8126,825;75,88879
8130,164;75,77221
8132,41;75,69376
8134,739;75,61243
8137,016;75,53291
8139,497;75,44629
8142,812;75,33051
8145,095;75,25077
8147,39;75,17063
8149,524;75,09612
8151,996;75,0098
8155,565;74,88515
8158,215;74,79263
8161,251;74,68659
8163,573;74,60549
8166,951;74,48755
8169,343;74,40399
8171,546;74,32707
8173,959;74,24281
8176,216;74,16399
8179,708;74,04206
8181,893;73,96576
8184,104;73,88852
8186,301;73,81182
8188,583;73,73211
8191,981;73,61347
8193,935;73,54526
8196,606;73,45195
8198,761;73,37672
8200,957;73,30003
8204,526;73,17537
8206,789;73,09636
8209,404;73,00504
8211,494;72,93206
8214,516;72,82654
8218,967;72,67111
8221,064;72,59787
8223,304;72,51968
8226,334;72,41384
8229,143;72,31576
8232,135;72,21126
8234,447;72,13049
8238,063;72,00421
8240,696;71,91227
8242,897;71,83542
8245,191;71,7553
8248,637;71,63498
8250,956;71,55399
8253,353;71,4703
8255,729;71,38733
8259,141;71,26819
8261,534;71,18462
8266,578;71,00848
8270,505;70,87136
8272,661;70,79608
8274,918;70,71729
8277,087;70,64154
8280,605;70,51865
8283,325;70,42369
8285,634;70,34309
8287,95;70,26221
8291,291;70,14555
8293,757;70,05945
8296,049;69,97941
8298,255;69,90236
8300,579;69,82119
8304,642;69,67931
8307,539;69,57812
8310,104;69,48852
8312,405;69,40816
8315,729;69,2921
8318,139;69,20795
8320,48;69,12617
8322,687;69,04913
8324,861;68,97319
8328,17;68,85764
8330,421;68,77905
8332,612;68,70251
8334,71;68,62924
8336,955;68,55085
8340,326;68,43314
8343,392;68,32607
8345,833;68,24083
8347,95;68,16689
8351,09;68,05727
8353,341;67,97868
8355,643;67,8983
8357,904;67,81934
8360,396;67,73229
8364,069;67,60402
8366,781;67,50933
8369,027;67,43089
8371,237;67,35371
8374,779;67,23001
8377,659;67,12944
8380,354;67,03532
8382,697;66,95353
8386,151;66,8329
8388,614;66,74688
8390,932;66,66595
8393,126;66,58932
8396,572;66,46897
8398,835;66,38994
8400,978;66,31512
8403,421;66,2298
8405,852;66,14493
8409,301;66,02447
8412,207;65,92297
8414,838;65,83108
8417,346;65,74351
8420,624;65,62904
8423,045;65,54449
8425,227;65,46829
8427,581;65,38606
8430,188;65,29503
8434,132;65,15728
8436,984;65,05767
8440,015;64,95185
8442,918;64,85047
8447,744;64,68195
8451,251;64,55947
8455,418;64,41396
8459,853;64,2591
8462,777;64,15695
8465,851;64,04962
8469,941;63,90677
8472,553;63,81559
8474,854;63,73525
8477,156;63,65482
8480,911;63,52369
8483,188;63,44415
8485,619;63,35927
8487,882;63,28026
8491,352;63,15908
8493,638;63,07925
8495,89;63,00062
8497,965;62,92815
8500,314;62,8461
8503,759;62,72581
8506,112;62,64362
8508,411;62,56335
8510,461;62,49176
8512,621;62,41632
8516,03;62,29726
8518,336;62,21675
8520,551;62,13943
8523,996;62,01912
8527,433;61,89911
8529,919;61,81229
8532,213;61,73217
8534,271;61,66028
8537,839;61,53571
8540,062;61,4581
8542,329;61,37892
8544,944;61,28759
8548,573;61,16087
8551,022;61,07533
8553,392;60,99261
8555,736;60,91071
8560,351;60,74958
8562,741;60,66611
8564,898;60,59077
8567,044;60,51585
8570,579;60,3924
8573,04;60,30645
8575,288;60,22795
8577,7;60,14372
8581,048;60,02682
8583,321;59,94742
8585,792;59,86116
8588,068;59,78168
8590,618;59,69263
8594,352;59,56226
8596,779;59,4775
8599,19;59,39331
8601,475;59,31355
8604,834;59,19623
8607,123;59,11631
8609,308;59,04
8611,363;58,9682
8613,536;58,89231
8616,554;58,78694
8618,939;58,70364
8621,169;58,62579
8623,294;58,55159
8626,15;58,45183
8629,424;58,33753
8631,522;58,26423
8633,741;58,18676
8636,016;58,10734
8638,334;58,02639
8641,811;57,90497
8644,154;57,82314
8646,456;57,74274
8648,628;57,66689
8650,845;57,58945
8654,542;57,46033
8656,967;57,37565
8659,362;57,29199
8661,893;57,20363
8665,488;57,07805
8667,722;57,00005
8670,009;56,92017
8672,24;56,84224
8675,609;56,7246
8677,755;56,64967
8680,006;56,57108
8682,241;56,49303
8684,94;56,39877
8688,857;56,26197
8691,535;56,16846
8694,229;56,07438
8697,452;55,96183
8700,67;55,84946
8702,948;55,76991
8705,366;55,68549
8707,522;55,61019
8709,87;55,5282
8713,49;55,40179
8715,705;55,32446
8717,987;55,24476
8720,204;55,16735
8723,225;55,06188
8726,686;54,94103
8729,085;54,85723
8731,98;54,7561
8734,196;54,67873
8737,896;54,54951
8740,377;54,4629
8742,739;54,38042
8745,001;54,30143
8748,445;54,18116
8750,707;54,10217
8752,967;54,02325
8754,93;53,95472
8757,259;53,87338
8760,667;53,75436
8763,033;53,67172
8765,393;53,58934
8768,02;53,4976
8771,835;53,36437
8774,16;53,28316
8776,311;53,20808
8778,517;53,13106
8781,938;53,01159
8784,221;52,93187
8786,608;52,84848
8788,793;52,7722
8791,324;52,68383
8794,575;52,57029
8797,38;52,47236
8800,579;52,36066
8804,267;52,23188
8808,836;52,07232
8811,583;51,97639
8813,731;51,90135
8816,231;51,81406
8820,234;51,67427
8822,502;51,5951
8824,73;51,51729
8826,959;51,43949
8830,276;51,32364
8832,382;51,25011
8834,692;51,16941
8836,963;51,09012
8839,927;50,98663
8843,104;50,87571
8845,618;50,78788
8847,967;50,70588
8850,072;50,63237
8852,413;50,55062
8855,81;50,43203
8858,11;50,35168
8860,2;50,27869
8862,317;50,20475
8864,614;50,12456
8868,148;50,00114
8870,471;49,92005
8872,839;49,83737
8875,566;49,74213
8879,476;49,60563
8881,92;49,52026
8884,456;49,43168
8887,024;49,34198
8890,246;49,22947
8892,679;49,14451
8895,089;49,06035
8897,282;48,98376
8899,737;48,89801
8903,36;48,77148
8905,616;48,6927
8907,804;48,6163
8910,218;48,532
8913,856;48,40494
8916,088;48,32701
8918,286;48,25026
8920,344;48,17839
8922,69;48,09644
8926,125;47,97652
8928,461;47,89495
8930,762;47,81461
8932,832;47,74232
8935,162;47,66095
8938,485;47,5449
8941,013;47,45665
8944,742;47,32641
8947,684;47,2237
8952,153;47,0676
8955,3;46,95772
8957,745;46,87234
8961,3;46,74821
8965,301;46,60848
8968,438;46,4989
8971,601;46,38847
8974,845;46,27519
8979,503;46,11253
8981,743;46,03429
8983,93;45,95793
8986,511;45,8678
8991,019;45,71037
8993,459;45,62514
8995,647;45,5487
8997,963;45,46784
9001,557;45,34235
9004,056;45,25509
9006,411;45,17284
9008,489;45,10028
9012,248;44,96901
9014,798;44,87997
9017,2;44,79608
9019,751;44,70699
9023,925;44,56126
9026,953;44,4555
9029,308;44,37328
9031,508;44,29647
9034,335;44,19774
9036,593;44,11889
9038,788;44,04222
9040,924;43,96766
9043,203;43,88805
9047,469;43,73909
9049,65;43,66289
9051,634;43,59363
9053,776;43,51883
9057,354;43,39386
9059,742;43,31047
9062,021;43,23093
9064,161;43,15617
9066,654;43,06911
9070,219;42,94464
9072,815;42,85398
9075,019;42,77704
9077,074;42,70524
9080,352;42,5908
9082,808;42,50502
9085,479;42,41172
9087,492;42,34145
9091,889;42,18791
9094,208;42,10691
9096,723;42,0191
9099,037;41,93828
9102,554;41,81548
9104,822;41,73626
9107,1;41,65675
9109,276;41,58074
9111,594;41,49982
9115,066;41,37855
9117,475;41,29447
9119,712;41,21632
9121,844;41,14187
9124,675;41,04302
9127,862;40,93172
9130,143;40,8521
9132,584;40,76684
9134,931;40,6849
9137,441;40,59722
9140,698;40,4835
9142,944;40,40508
9145,485;40,31636
9147,773;40,23647
9149,913;40,16175
9153,447;40,03832
9156,525;39,93082
9158,956;39,84593
9161,246;39,76596
9164,738;39,64401
9167,087;39,56198
9169,438;39,4799
9171,711;39,40051
9175,452;39,26988
9177,768;39,18901
9180,188;39,1045
9182,497;39,02387
9185,709;38,9117
9188,162;38,82602
9191,714;38,70199
9194,031;38,62106
9197,147;38,51223
9199,748;38,42142
9202,084;38,33984
9204,462;38,25679
9207,77;38,1413
9210,175;38,05732
9212,26;37,98452
9214,414;37,90929
9216,71;37,82912
9220,104;37,7106
9222,523;37,62614
9224,96;37,54105
9227,438;37,45451
9230,634;37,34291
9233,184;37,25388
9235,57;37,17052
9237,962;37,08699
9241,268;36,97156
9243,776;36,88396
9245,994;36,80651
9248,143;36,73148
9250,509;36,64886
9253,959;36,52838
9256,759;36,43061
9258,974;36,35325
9261,658;36,25949
9265,022;36,14199
9267,451;36,05719
9269,843;35,97368
9272,116;35,8943
9275,566;35,77383
9278,077;35,68614
9280,561;35,5994
9282,882;35,51834
9286,317;35,39837
9288,678;35,31593
9291,558;35,21538
9293,709;35,14024
9297,42;35,01066
9299,853;34,9257
9302,026;34,84979
9304,359;34,76833
9308,175;34,63509
9310,553;34,55204
9312,875;34,47095
9315,204;34,38963
9318,534;34,27333
9320,936;34,18949
9323,765;34,09068
9325,887;34,01659
9329,329;33,89637
9331,669;33,81466
9333,873;33,73769
9336,244;33,65489
9338,406;33,57938
9341,761;33,46223
9344,099;33,38058
9346,318;33,30308
9348,37;33,23141
9350,883;33,14366
9354,694;33,01057
9357,376;32,91691
9359,521;32,84199
9361,662;32,76722
9365,076;32,64801
9367,587;32,56033
9370,017;32,47549
9372,457;32,39026
9375,928;32,26906
9378,376;32,18357
9380,717;32,10183
9383,073;32,01953
9386,772;31,89034
9389,194;31,80578
9392,169;31,7019
9394,461;31,62188
9397,923;31,50098
9400,413;31,41402
9402,862;31,32848
9405,047;31,2522
9408,699;31,12465
9411,022;31,04351
9413,303;30,96386
9415,411;30,89023
9417,862;30,80463
9421,362;30,68241
9423,641;30,60285
9426,756;30,49408
9429,167;30,40988
9432,271;30,30147
9434,641;30,21875
9436,918;30,13921
9439,136;30,06176
9441,625;29,97481
9444,923;29,85965
9447,149;29,78189
9449,392;29,70358
9451,727;29,62206
9454,052;29,54085
9457,772;29,41091
9460,051;29,33137
9462,204;29,25616
9464,266;29,18418
9467,099;29,08525
9471,702;28,9245
9474,729;28,81884
9477,032;28,73839
9479,465;28,65343
9482,811;28,53661
9485,158;28,45463
9487,401;28,37631
9489,694;28,29623
9492,107;28,21196
9495,688;28,08691
9498,073;28,00362
9500,502;27,91881
9502,765;27,83978
9506,53;27,70827
9509,081;27,6192
9511,431;27,53713
9513,67;27,45894
9517,262;27,33353
9519,679;27,24912
9521,975;27,16893
9524,224;27,09039
9528,006;26,95833
9531,641;26,83139
9533,832;26,75487
9536,239;26,67082
9539,739;26,5486
9542,575;26,44955
9545,187;26,35836
9547,502;26,2775
9550,82;26,16163
9553,084;26,08259
9555,465;25,99943
9557,945;25,91281
9561,849;25,77651
9564,979;25,66722
9567,456;25,58071
9569,826;25,49795
9573,204;25,37999
9575,748;25,29114
9578,288;25,20244
9580,398;25,12874
9583,638;25,01563
9585,933;24,93549
9588,339;24,85146
9590,576;24,77335
9592,898;24,69225
9596,836;24,55474
9599,365;24,46642
9601,717;24,38432
9603,815;24,31103
9607,154;24,19442
9609,492;24,11279
9611,864;24,02996
9614,216;23,94783
9618,355;23,80326
9621,869;23,68055
9624,999;23,57125
9628,42;23,45178
9631,613;23,34025
9635,149;23,21678
9638,172;23,11124
9641,931;22,97997
9644,354;22,89536
9646,624;22,81606
9649,243;22,72458
9652,771;22,60142
9655,388;22,51002
9658,02;22,4181
9660,133;22,3443
9663,502;22,22663
9665,844;22,14486
9668,137;22,06477
9671;21,96476
9675,045;21,82351
9677,39;21,74162
9679,678;21,66171
9681,986;21,58111
9685,932;21,44335
9688,74;21,34526
9691,559;21,24685
9694,237;21,15331
9697,937;21,02412
9700,771;20,92515
9703,37;20,83437
9706,152;20,73722
9710,186;20,59638
9712,93;20,50054
9715,806;20,4001
9718,795;20,29572
9722,5;20,16635
9724,91;20,08217
9727,431;19,99416
9729,816;19,91085
9733,246;19,79108
9735,631;19,70779
9738,043;19,62354
9740,182;19,54887
9743,17;19,44453
9746,674;19,32216
9749,049;19,23921
9751,216;19,16352
9753,434;19,08608
9755,838;19,00212
9759,771;18,86475
9763,305;18,74137
9766,705;18,62261
9770,78;18,48029
9772,925;18,40541
9775,413;18,31853
9778,686;18,20425
9781,938;18,09065
9784,471;18,0022
9786,902;17,91728
9789,132;17,83943
9792,827;17,71037
9795,307;17,62377
9797,664;17,54145
9799,742;17,46889
9803,127;17,35069
9805,407;17,27105
9807,772;17,18846
9809,828;17,11667
9812,928;17,00842
9816,936;16,86845
9819,607;16,77517
9822,174;16,68554
9824,603;16,60073
9828,212;16,47467
9830,916;16,38025
9833,576;16,28734
9836,086;16,19969
9839,762;16,07134
9842,786;15,96572
9845,587;15,86793
9848,115;15,77966
9851,545;15,65989
9853,786;15,58164
9856,144;15,49933
9858,196;15,42764
9860,925;15,33236
9864,104;15,22131
9866,563;15,13546
9869,144;15,04534
9871,567;14,9607
9875,01;14,84048
9877,233;14,76284
9879,582;14,68082
9882,182;14,59004
9884,36;14,51398
9888,064;14,38463
9890,351;14,30481
9892,468;14,23087
9894,802;14,14937
9898,496;14,02035
9900,648;13,94519
9903,872;13,83261
9906,765;13,73161
9910,997;13,5838
9914,007;13,47868
9916,826;13,38022
9920,843;13,23996
9925,438;13,07947
9928,195;12,98318
9930,816;12,89164
9934,06;12,77838
9938,449;12,6251
9941,658;12,51302
9944,809;12,403
9949,277;12,24694
9952,51;12,13407
9955,877;12,0165
9960,416;11,85801
9963,915;11,73582
9966,891;11,63191
9971,083;11,48551
9974,452;11,36786
9977,661;11,25581
9982,2;11,09731
9985,341;10,98765
9988,535;10,87609
9993,071;10,7177
9996,415;10,60094
9999,617;10,48913
10003,93;10,33866
10009,38;10,14835
10013,63;9,999627
10018,25;9,667092
10021,67;9,420657
10024,71;9,202132
10028,69;8,91531
10031,47;8,714991
10033,92;8,538276
10036,53;8,349734
10040,63;8,054439
10043,62;7,83892
10046,15;7,656224
10048,57;7,481339
10052,14;7,22357
10054,75;7,035599
10057,51;6,835652
10060,12;6,647208
10063,58;6,397088
10066,11;6,214108
10068,47;6,043679
10071,12;5,852254
10074,52;5,606232
10077,02;5,425504
10079,69;5,232051
10081,98;5,066174
10085,04;4,844496
10087,36;4,676755
10090,09;4,478844
10092,93;4,273238
10096,4;4,021171
10098,98;3,834595
10102,23;3,598811
10104,57;3,429268
10107,94;3,184303
10110,74;2,981248
10113,49;2,781336
10116,4;2,57041
10120,13;2,299466
10122,39;2,13486
10125,13;1,93588
10127,83;1,739826
10131,63;1,463123
10134,29;1,269675
10137,01;1,072409
10139,44;0,8949922
10143,03;0,6337517
10145,97;0,4202283
10148,77;0,2161696
10151,16;0,04266565
10154,4;0
10156,77;0
10159,08;0
10161,29;0
10165,1;0
10167,32;0
10169,86;0
10172,48;0
10176,08;0
10178,86;0
10181,2;0
10183,18;0
10186,87;0
10188,91;0
10190,88;0
10193,15;0
10196,42;0
10198,59;0
10200,79;0
10202,99;0
10206,59;0
10208,9;0
10211,22;0
10213,2;0
10216,6;0
10218,89;0
10221,32;0
10223,66;0
10227,34;0
10229,85;0
10232,24;0
10234,67;0
10238,01;0
10240,37;0
10242,51;0
10244,71;0
10248,12;0
10250,17;0
10252,32;0
10254,41;0
10257,93;0
10260,24;0
10262,36;0
10264,49;0
10268,18;0
10270,96;0
10273,07;0
10275,19;0
10278,41;0
10280,56;0
10282,75;0
10285,27;0
10288,76;0
10290,94;0
10292,96;0
10295,06;0
10298,37;0
10300,55;0
10302,92;0
10304,95;0
10308,54;0
10310,73;0
10312,94;0
10315,01;0
10318,14;0
10320,09;0
10322,04;0
10323,87;0
10325,77;0
10329,09;0
10331,32;0
10333,37;0
10335,37;0
10338,39;0
10340,44;0
10342,65;0
10344,39;0
10346,47;0
10349,47;0
10351,46;0
10353,15;0
10354,95;0
10356,94;0
10359,68;0
10361,71;0
10363,85;0
10365,68;0
10367,88;0
10370,67;0
10372,7;0
10374,53;0
10376,72;0
10378,75;0
10381,85;0
10383,79;0
10385,71;0
10387,46;0
10389,3;0
10392,13;0
10393,9;0
10395,71;0
10397,57;0
10399,36;0
10402,07;0
10403,74;0
10405,72;0
10407,5;0
10410,07;0
10412,81;0
10414,63;0
10416,43;0
10418,26;0
10420,08;0
10422,81;0
10424,75;0
10426,55;0
10428,26;0
10430,02;0
10432,69;0
10434,7;0
10436,59;0
10438,44;0
10440,78;0
10443,55;0
10445,36;0
10447,11;0
10448,87;0
10450,96;0
10453,81;0
10455,85;0
10457,9;0
10459,6;0
10461,5;0
10464,26;0
10466,17;0
10468,04;0
10469,71;0
10472,14;0
10474,96;0
10476,92;0
10478,71;0
10480,43;0
10483,32;0
10485,15;0
10487,03;0
10488,62;0
10490,85;0
10493,49;0
10495,26;0
10497,05;0
10498,68;0
10500,38;0
10503,49;0
10505,19;0
10506,8;0
10508,38;0
10510,21;0
10512,74;0
10514,48;0
10516,23;0
10517,93;0
10519,56;0
10522,18;0
10523,94;0
10525,69;0
10527,4;0
10529,37;0
10532,15;0
10534,24;0
10535,94;0
10537,75;0
10539,77;0
10542,45;0
10544,48;0
10546,25;0
10547,95;0
10549,83;0
10552,4;0
10554,19;0
10556,05;0
10557,77;0
10559,5;0
10562,13;0
10564,09;0
10565,71;0
10567,54;0
10569,45;0
10571,96;0
10573,94;0
10575,71;0
10577,33;0
10579,3;0
10582,08;0
10583,84;0
10585,64;0
10587,31;0
10588,96;0
10591,61;0
10593,57;0
10595,35;0
10597,18;0
10598,88;0
10601,8;0
10603,49;0
10605,18;0
10606,76;0
10608,49;0
10611,02;0
10612,66;0
10614,35;0
10616;0
10617,65;0
10620,13;0
10622,03;0
10624,12;0
10625,69;0
10627,48;0
10629,92;0
10631,54;0
10633,18;0
10634,77;0
10636,48;0
10638,95;0
10640,58;0
10642,22;0
10643,89;0
10645,47;0
10647,92;0
10649,97;0
10651,79;0
10653,67;0
10655,58;0
10658,2;0
10659,83;0
10661,45;0
10663,01;0
10664,59;0
10667,1;0
10668,85;0
10670,6;0
10672,13;0
10673,85;0
10676,42;0
10678,21;0
10679,8;0
10681,46;0
10683,15;0
10685,78;0
10687,56;0
10689,46;0
10691,21;0
10694,25;0
10696,12;0
10697,79;0
10699,4;0
10702;0
10703,74;0
10705,45;0
10706,94;0
10708,5;0
10711,25;0
10712,85;0
10714,5;0
10716;0
10717,58;0
10719,94;0
10721,67;0
10723,17;0
10724,77;0
10726,31;0
10728,74;0
10730,58;0
10732,24;0
10733,78;0
10735,44;0
10738,24;0
10739,83;0
10741,5;0
10743,01;0
10744,64;0
10746,94;0
10748,71;0
10750,39;0
10751,96;0
10753,49;0
10755,87;0
10757,59;0
10759,21;0
10760,78;0
10762,41;0
10764,83;0
10766,95;0
10768,49;0
10770,01;0
10772,42;0
10774,32;0
10776,34;0
10778,08;0
10780,71;0
10782,35;0
10783,91;0
10785,45;0
10787,1;0
10789,48;0
10791,06;0
10792,84;0
10794,54;0
10796,17;0
10798,61;0
10800,16;0
10801,66;0
10803,13;0
10804,68;0
10807;0
10808,54;0
10810,19;0
10811,77;0
10813,36;0
10815,5;0
10817,17;0
10819,07;0
10820,46;0
10822,11;0
10824,37;0
10825,94;0
10827,39;0
10828,8;0
10830,32;0
10832,52;0
10834,2;0
10835,77;0
10837,15;0
10838,59;0
10840,67;0
10842,28;0
10844,18;0
10845,68;0
10847,46;0
10849,57;0
10851,04;0
10852,56;0
10854,01;0
10855,44;0
10857,55;0
10859,07;0
10860,5;0
10861,89;0
10863,35;0
10865,53;0
10867,06;0
10868,46;0
10870,2;0
10871,91;0
10874,17;0
10875,58;0
10877,04;0
10878,58;0
10880,09;0
10882,45;0
10884;0
10885,59;0
10886,91;0
10888,37;0
10890,59;0
10892,09;0
10893,51;0
10895,27;0
10896,83;0
10899,05;0
10900,53;0
10901,97;0
10903,45;0
10904,95;0
10907,12;0
10908,5;0
10910,02;0
10911,44;0
10912,78;0
10915,04;0
10916,69;0
10918,18;0
10920;0
10921,45;0
10923,68;0
10925,21;0
10926,84;0
10928,29;0
10929,78;0
10931,81;0
10933,34;0
10934,79;0
10936,12;0
10937,46;0
10939,49;0
10940,86;0
10942,33;0
10944,19;0
10945,64;0
10947,81;0
10949,1;0
10950,58;0
10951,9;0
10953,26;0
10955,2;0
10956,57;0
10958,25;0
10959,5;0
10960,87;0
10963,04;0
10964,46;0
10965,72;0
10967,27;0
10969,45;0
10971,51;0
10972,88;0
10974,28;0
10975,73;0
10977,18;0
10979,37;0
10980,8;0
10982,14;0
10983,39;0
10984,74;0
10986,74;0
10988,17;0
10989,66;0
10991,19;0
10992,74;0
10994,89;0
10996,19;0
10997,67;0
10998,96;0
11000,34;0
11002,65;0
11004,59;0
11006,08;0
11007,51;0
11009,67;0
11011,17;0
11012,79;0
11014,49;0
11016,66;0
11018,05;0
11019,51;0
11020,82;0
11022,35;0
11024,64;0
11026,01;0
11027,38;0
11028,67;0
11030,07;0
11032,05;0
11033,53;0
11034,93;0
11036,33;0
11038,06;0
11040,22;0
11041,63;0
11042,94;0
11044,21;0
11045,54;0
11047,48;0
11048,88;0
11050,27;0
11051,65;0
11053,17;0
11055,04;0
11056,53;0
11057,91;0
11059,35;0
11060,85;0
11063,03;0
11064,31;0
11065,59;0
11066,84;0
11068,2;0
11070,08;0
11071,6;0
11072,93;0
11074,14;0
11075,42;0
11077,39;0
11079,02;0
11080,46;0
11082,05;0
11083,78;0
11084,94;0
11086,24;0
11087,58;0
11088,88;0
11090,86;0
11092,26;0
11093,59;0
11094,77;0
11096,21;0
11098,17;0
11099,65;0
11100,92;0
11102,13;0
11103,49;0
11105,34;0
11106,53;0
11107,73;0
11108,92;0
11110,16;0
11111,91;0
11113,13;0
11114,32;0
11115,46;0
11116,68;0
11118,68;0
11119,99;0
11121,21;0
11122,64;0
11123,9;0
11125,75;0
11126,98;0
11128,24;0
11129,51;0
11130,79;0
11132,67;0
11133,85;0
11135,33;0
11136,47;0
11137,9;0
11139,74;0
11141,11;0
11142,44;0
11143,76;0
11145,12;0
11146,94;0
11148,11;0
11149,28;0
11150,48;0
11151,71;0
11153,62;0
11154,83;0
11155,95;0
11157,03;0
11158,15;0
11160,01;0
11161,24;0
11162,46;0
11163,97;0
11165,11;0
11166,97;0
11168,22;0
11169,47;0
11170,7;0
11171,9;0
11173,64;0
11174,84;0
11175,98;0
11177,11;0
11178,31;0
11179,93;0
11181,11;0
11182,34;0
11183,73;0
11184,97;0
11186,59;0
11187,78;0
11188,89;0
11190,01;0
11191,2;0
11192,96;0
11194,22;0
11195,33;0
11196,38;0
11197,49;0
11199,06;0
11200,19;0
11201,51;0
11202,83;0
11204,11;0
11205,85;0
11206,97;0
11208,12;0
11209,29;0
11210,41;0
11212,03;0
11213,37;0
11214,51;0
11215,68;0
11216,81;0
11218,73;0
11220,02;0
11221,21;0
11222,37;0
11224,17;0
11225,22;0
11226,36;0
11227,4;0
11228,53;0
11230,3;0
11231,36;0
11232,46;0
11233,58;0
11234,62;0
11236,33;0
11237,57;0
11238,7;0
11239,78;0
11241,07;0
11242,78;0
11243,85;0
11244,98;0
11246,01;0
11247,11;0
11248,67;0
11249,76;0
11250,88;0
11251,87;0
11253,02;0
11254,63;0
11255,85;0
11256,99;0
11258,41;0
11260,04;0
11261,18;0
11262,35;0
11263,35;0
11265,19;0
11266,27;0
11267,35;0
11268,5;0
11270,18;0
11271,27;0
11272,29;0
11273,33;0
11274,46;0
11275,98;0
11277,16;0
11278,28;0
11279,31;0
11280,45;0
11282,15;0
11283,73;0
11286,03;0
11287,69;0
11288,8;0
11289,89;0
11290,91;0
11292,13;0
11293,79;0
11295,02;0
11296,09;0
11297,34;0
11299,27;0
11300,92;0
11302,11;0
11303,64;0
11304,72;0
11305,8;0
11306,85;0
11308,35;0
11309,92;0
11311,07;0
11312,12;0
11313,09;0
11314,13;0
11316,11;0
11317,21;0
11318,23;0
11319,19;0
11320,75;0
11321,85;0
11322,84;0
11323,8;0
11324,81;0
11326,42;0
11327,44;0
11328,53;0
11329,48;0
11330,52;0
11332,21;0
11333,17;0
11334,25;0
11335,28;0
11336,82;0
11337,84;0
11338,8;0
11339,8;0
11340,81;0
11342,36;0
11343,46;0
11344,66;0
11345,79;0
11347,45;0
11348,55;0
11349,92;0
11351,04;0
11352,83;0
11354,1;0
11355,2;0
11356,34;0
11358,09;0
11359,35;0
11360,64;0
11361,64;0
11363,14;0
11364,27;0
11365,42;0
11366,63;0
11368,49;0
11369,89;0
11371,15;0
11372,9;0
11373,94;0
11375,07;0
11376,04;0
11377,8;0
11378,97;0
11380,13;0
11381,28;0
11382,83;0
11383,9;0
11385,02;0
11386,06;0
11389,05;0
11390,18;0
11391,21;0
11392,87;0
11394,1;0
11395,09;0
11396,25;0
11397,8;0
11398,94;0
11400;0
11400,97;0
11402,56;0
11403,63;0
11404,67;0
11408,29;0
11409,64;0
11410,65;0
11411,63;0
11412,64;0
11414,22;0
11415,17;0
11416,06;0
11416,94;0
11418,38;0
11419,42;0
11420,46;0
11421,45;0
11422,96;0
11424,07;0
11425,22;0
11426,63;0
11428,28;0
11429,23;0
11430,24;0
11431,6;0
11433,24;0
11434,24;0
11435,37;0
11436,41;0
11437,79;0
11438,77;0
11439,75;0
11440,67;0
11442,18;0
11443,8;0
11444,82;0
11446,39;0
11447,5;0
11448,58;0
11449,54;0
11451,18;0
11452,39;0
11453,49;0
11454,57;0
11455,95;0
11457,01;0
11457,99;0
11459,05;0
11460,79;0
11461,95;0
11462,98;0
11464,52;0
11465,55;0
11466,45;0
11467,39;0
11468,94;0
11469,86;0
11470,82;0
11471,85;0
11473,17;0
11474,16;0
11475,29;0
11476,62;0
11477,99;0
11478,88;0
11479,81;0
11480,84;0
11482,15;0
11483,12;0
11484,16;0
11485,15;0
11486,49;0
11487,42;0
11488,37;0
11489,26;0
11490,63;0
11491,49;0
11492,5;0
11493,32;0
11494,47;0
11495,25;0
11496,08;0
11496,88;0
11497,66;0
11498,78;0
11499,53;0
11500,29;0
11501,1;0
11502,02;0
11503,27;0
11504,09;0
11504,89;0
11505,84;0
11507,19;0
11507,99;0
11508,79;0
11509,58;0
11510,71;0
11511,54;0
11512,37;0
11513,26;0
11514,4;0
11515,17;0
11515,92;0
11516,66;0
11517,47;0
11518,6;0
11519,48;0
11520,22;0
11520,98;0
11522,27;0
11523,1;0
11523,89;0
11524,65;0
11525,95;0
11526,9;0
11527,67;0
11528,46;0
11529,6;0
11530,38;0
11531,11;0
11531,91;0
11533,07;0
11533,85;0
11534,69;0
11535,57;0
11536,62;0
11537,37;0
11538,1;0
11538,79;0
11539,55;0
11540,64;0
11541,36;0
11542,15;0
11542,82;0
11543,76;0
11544,8;0
11545,54;0
11546,32;0
11547,01;0
11548,06;0
11548,86;0
11549,67;0
11550,46;0
11551,49;0
11552,23;0
11552,94;0
11553,6;0
11554,32;0
11555,43;0
11556,43;0
11557,16;0
11557,84;0
11558,93;0
11559,62;0
11560,29;0
11560,98;0
11561,97;0
11562,67;0
11563,44;0
11564,08;0
11565,09;0
11565,79;0
11566,6;0
11567,42;0
11568,39;0
11569,05;0
11569,7;0
11570,33;0
11571;0
11572;0
11572,69;0
11573,4;0
11574,03;0
11575,01;0
11575,71;0
11576,4;0
11577,04;0
11578,19;0
11578,83;0
11579,53;0
11580,14;0
11581,13;0
11581,79;0
11582,44;0
11583,05;0
11583,98;0
11584,65;0
11585,27;0
11585,91;0
11586,56;0
11587,49;0
11588,23;0
11588,93;0
11589,56;0
11590,49;0
11591,16;0
11591,84;0
11592,42;0
11593,4;0
11594,01;0
11594,62;0
11595,23;0
11596,16;0
11596,82;0
11597,46;0
11598,06;0
11599;0
11599,86;0
11600,53;0
11601,14;0
11602,03;0
11602,63;0
11603,25;0
11603,83;0
11604,8;0
11605,43;0
11605,98;0
11606,58;0
11607,46;0
11608,08;0
11608,68;0
11609,38;0
11610,19;0
11610,78;0
11611,38;0
11611,9;0
11612,48;0
11613,36;0
11613,98;0
11614,66;0
11615,22;0
11616,04;0
11616,6;0
11617,15;0
11617,7;0
11618,26;0
11619,21;0
11619,77;0
11620,31;0
11620,81;0
11621,58;0
11622,11;0
11622,68;0
11623,2;0
11623,73;0
11624,55;0
11625,11;0
11625,62;0
11626,14;0
11626,69;0
11627,52;0
11628,05;0
11628,6;0
11629,14;0
11629,94;0
11630,47;0
11631;0
11631,47;0
11631,98;0
11632,71;0
11633,22;0
11633,75;0
11634,22;0
11634,76;0
11635,61;0
11636,21;0
11636,75;0
11637,28;0
11638,02;0
11638,51;0
11639,03;0
11639,48;0
11640;0
11640,78;0
11641,29;0
11641,79;0
11642,28;0
11643,01;0
11643,53;0
11644,06;0
11644,53;0
11645,3;0
11645,87;0
11646,4;0
11646,93;0
11647,64;0
11648,18;0
11648,64;0
11649,13;0
11649,95;0
11650,44;0
11650,91;0
11651,39;0
11652,23;0
11652,74;0
11653,29;0
11653,83;0
11654,52;0
11655,01;0
11655,52;0
11655,99;0
11656,67;0
11657,17;0
11657,63;0
11658,06;0
11658,73;0
11659,26;0
11659,76;0
11660,3;0
11660,91;0
11661,46;0
11662;0
11662,54;0
11663,31;0
11663,86;0
11664,28;0
11664,77;0
11665,42;0
11665,87;0
11666,29;0
11666,69;0
11667,3;0
11667,78;0
11668,17;0
11668,56;0
11669,2;0
11669,59;0
11669,97;0
11670,34;0
11670,75;0
11671,31;0
11671,74;0
11672,13;0
11672,51;0
11672,92;0
11673,54;0
11674,02;0
11674,41;0
11674,78;0
11675,35;0
11675,75;0
11676,17;0
11676,57;0
11677,1;0
11677,49;0
11677,88;0
11678,23;0
11678,61;0
11679,15;0
11679,55;0
11679,96;0
11680,29;0
11680,81;0
11681,16;0
11681,51;0
11681,85;0
11682,21;0
11682,73;0
11683,26;0
11684,92;0
11688,4;0
11691,87;0
11692,67;0
11693,09;0
11693,49;0
11693,83;0
11694,25;0
11694,62;0
11695;0
11695,38;0
11695,71;0
11696,09;0
11696,45;0
11696,9;0
11697,32;0
11697,7;0
11698,14;0
11698,45;0
11698,78;0
11699,1;0
11699,43;0
11699,75;0
11700,23;0
11700,55;0
11700,86;0
11701,22;0
11701,55;0
11701,83;0
11702,13;0
11702,45;0
11702,76;0
11703,09;0
11703,46;0
11703,75;0
11704,08;0
11704,42;0
11704,71;0
11705,21;0
11705,65;0
11705,97;0
11706,31;0
11706,68;0
11707,05;0
11707,43;0
11707,85;0
11708,19;0
11708,5;0
11708,82;0
11709,17;0
11709,5;0
11709,81;0
11710,15;0
11710,46;0
11710,89;0
11711,18;0
11711,45;0
11711,72;0
11712,01;0
11712,29;0
11712,56;0
11712,85;0
11713,14;0
11713,42;0
11713,69;0
11713,94;0
11714,4;0
11715;0
11715,39;0
11715,64;0
11715,88;0
11716,11;0
11716,48;0
11716,76;0
11717,04;0
11717,27;0
11717,71;0
11717,96;0
11718,2;0
11718,45;0
11718,83;0
11719,12;0
11719,35;0
11719,61;0
11719,94;0
11720,18;0
11720,43;0
11720,64;0
11720,95;0
11721,16;0
11721,36;0
11721,57;0
11721,89;0
11722,09;0
11722,29;0
11722,49;0
11722,79;0
11722,98;0
11723,16;0
11723,34;0
11723,61;0
11723,79;0
11723,98;0
11724,16;0
11724,33;0
11724,61;0
11724,81;0
11724,97;0
11725,14;0
11725,43;0
11725,62;0
11725,86;0
11726,04;0
11726,28;0
11726,46;0
11726,66;0
11726,84;0
11727,08;0
11727,27;0
11727,44;0
11727,59;0
11727,8;0
11727,95;0
11728,1;0
11728,24;0
11728,43;0
11728,63;