30;69,444
49;69,444
68;69,444
92;69,444
110;69,444
131;69,444
148;69,444
168;69,444
188;69,444
206;69,444
226;69,444
246;69,444
266;69,444
288;69,444
308;69,444
328;69,444
348;69,444
367;69,444
385;69,444
403;69,444
422;69,444
445;69,444
467;69,444
494;69,444
516;69,444
541;69,444
566;69,444
587;69,444
608;69,444
630;69,444
672;69,444
712;69,444
759;69,444
817;69,444
863;69,444
909;69,444
952;69,444
990;69,444
1023;69,444
1059;69,444
1095;69,444
1132;69,444
1166;69,444
1197;69,444
1238;69,444
1274;69,444
1313;69,444
1353;69,444
1392;69,444
1424;69,444
1460;69,444
1497;69,444
1533;69,444
1591;69,444
1639;69,444
1683;69,444
1724;69,444
1768;69,444
1806;69,444
1848;69,444
1889;69,444
1930;69,444
1971;69,444
2007;69,444
2047;69,444
2086;69,444
2123;69,444
2177;69,444
2218;69,444
2264;69,444
2321;69,444
2375;69,444
2432;69,444
2482;69,444
2521;69,444
2566;69,444
2606;69,444
2643;69,444
2683;69,444
2721;69,444
2764;69,444
2805;69,444
2847;69,444
2887;69,444
2932;69,444
2973;69,444
3015;69,444
3056;69,444
3090;69,444
3128;69,444
3168;69,444
3204;69,444
3236;69,444
3279;69,444
3318;69,444
3357;69,444
3402;69,444
3438;69,444
3477;69,444
3522;69,444
3593;69,444
3655;69,444
3722;69,444
3775;69,444
3821;69,444
4052;69,444
4138;69,444
4189;69,444
4245;69,444
4309;69,444
4363;69,444
4438;69,444
4503;69,444
4589;69,444
4655;69,444
4726;69,444
4818;69,444
4870;69,444
4939;69,444
5035;69,444
5106;69,444
5176;69,444
5241;69,444
5305;69,444
5363;69,444
5410;69,444
5457;69,444
5503;69,444
5554;69,444
5603;69,444
5643;69,444
5690;69,444
5737;69,444
5786;69,444
5833;69,444
5883;69,444
5930;69,444
5973;69,444
6020;69,444
6069;69,444
6116;69,444
6161;69,444
6204;69,444
6254;69,444
6303;69,444
6347;69,444
6394;69,444
6442;69,444
6492;69,444
6535;69,444
6582;69,444
6638;69,444
6688;69,444
6739;69,444
6784;69,444
6828;69,444
6876;69,444
6923;69,444
6966;69,444
7012;69,444
7061;69,444
7111;69,444
7169;69,444
7222;69,444
7274;69,444
7322;69,444
7369;69,444
7418;69,444
7469;69,444
7530;69,444
7581;69,444
7633;69,444
7679;69,444
7724;69,444
7764;69,444
7812;69,444
7857;69,444
7902;69,444
7954;69,444
8017;69,444
8064;69,444
8128;69,444
8201;69,444
8327;69,444
8398;69,444
8473;69,444
8540;69,444
8639;69,444
8733;69,444
8823;69,444
8888;69,444
8964;69,444
9039;69,444
9117;69,444
9182;69,444
9240;69,444
9308;69,444
9357;69,444
9443;69,444
9513;69,444
9595;69,444
9673;69,444
9775;69,444
9867;69,444
9963;69,444
10070;69,444
10169;69,444
10351;69,444
10447;69,444
10553;69,444
10648;69,444
10723;69,444
10839;69,444
10921;69,444
10984;69,444
11046;69,444
11117;69,444
11191;69,444
11259;69,444
11342;69,444
11408;69,444
11444;69,444
11482;69,444
11516;69,444
11579;69,444
11631;69,444
11692;69,444
11760;69,444
11863;69,444
11936;69,444
12006;69,444
12175;69,444
12275;69,444
12346;69,444
12417;69,444
12466;69,444
12523;69,444
12579;69,444
12650;69,444
12734;69,444
12960;69,444
13058;69,444
13133;69,444
13207;69,444
13260;69,444
13317;69,444
13407;69,444
13476;69,444
13557;69,444
13639;69,444
13690;69,444
13749;69,444
13824;69,444
13883;69,444
13937;69,444
13979;69,444
14018;69,444
14056;69,444
14110;69,444
14192;69,444
14243;69,444
14297;69,444
14343;69,444
14389;69,444
14462;69,444
14555;69,444
14624;69,444
14684;69,444
14738;69,444
14789;69,444
14861;69,444
14917;69,444
14985;69,444
15031;69,444
15078;69,444
15127;69,444
15177;69,444
15219;69,444
15264;69,444
15309;69,444
15360;69,444
15410;69,444
15461;69,444
15520;69,444
15574;69,444
15682;69,444
15726;69,444
15782;69,444
15829;69,444
15875;69,444
15919;69,444
15997;69,444
16047;69,444
16098;69,444
16147;69,444
16193;69,444
16242;69,444
16315;69,444
16373;69,444
16441;69,444
16490;69,444
16545;69,444
16597;69,444
16647;69,444
16759;69,444
16804;69,444
16846;69,444
16888;69,444
16929;69,444
16966;69,444
17011;69,444
17062;69,444
17103;69,444
17143;69,444
17179;69,444
17214;69,444
17252;69,444
17287;69,444
17323;69,444
17355;69,444
17389;69,444
17422;69,444
17465;69,444
17502;69,444
17539;69,444
17570;69,444
17601;69,444
17636;69,444
17671;69,444
17706;69,444
17746;69,444
17785;69,444
17822;69,444
17854;69,444
17892;69,444
17923;69,444
17954;69,444
17986;69,444
18020;69,444
18062;69,444
18100;69,444
18135;69,444
18172;69,444
18205;69,444
18242;69,444
18278;69,444
18313;69,444
18349;69,444
18384;69,444
18422;69,444
18458;69,444
18489;69,444
18523;69,444
18562;69,444
18595;69,444
18635;69,444
18674;69,444
18709;69,444
18747;69,444
18784;69,444
18820;69,444
18857;69,444
18895;69,444
18933;69,444
18971;69,444
19004;69,444
19038;69,444
19073;69,444
19111;69,444
19148;69,444
19181;69,444
19222;69,444
19262;69,444
19298;69,444
19330;69,444
19360;69,444
19393;69,444
19426;69,444
19459;69,444
19493;69,444
19525;69,444
19558;69,444
19596;69,444
19630;69,444
19661;69,444
19697;69,444
19733;69,444
19769;69,444
19812;69,444
19849;69,444
19888;69,444
19928;69,444
19966;69,444
20001;69,444
20031;69,444
20064;69,444
20099;69,444
20134;69,444
20170;69,444
20205;69,444
20240;69,444
20275;69,444
20312;69,444
20346;69,444
20379;69,444
20418;69,444
20453;69,444
20489;69,444
20523;69,444
20561;69,444
20594;69,444
20629;69,444
20663;69,444
20700;69,444
20735;69,444
20773;69,444
20802;69,444
20830;69,444
20861;69,444
20892;69,444
20920;69,444
20953;69,444
20999;69,444
21030;69,444
21059;69,444
21087;69,444
21116;69,444
21143;69,444
21170;69,444
21199;69,444
21227;69,444
21255;69,444
21283;69,444
21312;69,444
21340;69,444
21367;69,444
21394;69,444
21423;69,444
21459;69,444
21490;69,444
21519;69,444
21548;69,444
21575;69,444
21602;69,444
21632;69,444
21660;69,444
21688;69,444
21715;69,444
21743;69,444
21770;69,444
21799;69,444
21827;69,444
21857;69,444
21884;69,444
21915;69,444
21945;69,444
21974;69,444
21999;69,444
22029;69,444
22058;69,444
22086;69,444
22115;69,444
22141;69,444
22171;69,444
22199;69,444
22228;69,444
22258;69,444
22288;69,444
22316;69,444
22348;69,444
22378;69,444
22407;69,444
22443;69,444
22471;69,444
22498;69,444
22527;69,444
22555;69,444
22584;69,444
22612;69,444
22638;69,444
22666;69,444
22696;69,444
22726;69,444
22754;69,444
22780;69,444
22810;69,444
22843;69,444
22871;69,444
22906;69,444
22938;69,444
22966;69,444
22996;69,444
23023;69,444
23054;69,444
23081;69,444
23112;69,444
23142;69,444
23170;69,444
23197;69,444
23226;69,444
23255;69,444
23284;69,444
23312;69,444
23342;69,444
23371;69,444
23403;69,444
23432;69,444
23462;69,444
23493;69,444
23521;69,444
23551;69,444
23579;69,444
23608;69,444
23638;69,444
23666;69,444
23698;69,444
23727;69,444
23756;69,444
23788;69,444
23821;69,444
23853;69,444
23884;69,444
23921;69,444
23952;69,444
23985;69,444
24019;69,444
24051;69,444
24085;69,444
24114;69,444
24146;69,444
24177;69,444
24209;69,444
24244;69,444
24281;69,444
24313;69,444
24343;69,444
24377;69,444
24412;69,444
24451;69,444
24481;69,444
24508;69,444
24548;69,444
24579;69,444
24626;69,444
24664;69,444
24694;69,444
24724;69,444
24758;69,444
24795;69,444
24835;69,444
24873;69,444
24908;69,444
24941;69,444
24970;69,444
24998;69,444
25031;69,444
25058;69,444
25085;69,444
25118;69,444
25148;69,444
25174;69,444
25203;69,444
25230;69,444
25258;69,444
25288;69,444
25316;69,444
25348;69,444
25380;69,444
25408;69,444
25439;69,444
25470;69,444
25498;69,444
25539;69,444
25570;69,444
25603;69,444
25633;69,444
25662;69,444
25690;69,444
25720;69,444
25747;69,444
25773;69,444
25803;69,444
25836;69,444
25869;69,444
25905;69,444
25937;69,444
25970;69,444
25997;69,444
26030;69,444
26058;69,444
26088;69,444
26116;69,444
26145;69,444
26172;69,444
26204;69,444
26234;69,444
26260;69,444
26287;69,444
26317;69,444
26348;69,444
26376;69,444
26403;69,444
26435;69,444
26463;69,444
26494;69,444
26521;69,444
26550;69,444
26578;69,444
26603;69,444
26636;69,444
26665;69,444
26693;69,444
26720;69,444
26750;69,444
26778;69,444
26804;69,444
26835;69,444
26863;69,444
26892;69,444
26917;69,444
26946;69,444
26985;69,444
27013;69,444
27041;69,444
27075;69,444
27101;69,444
27132;69,444
27160;69,444
27188;69,444
27217;69,444
27243;69,444
27272;69,444
27301;69,444
27333;69,444
27362;69,444
27391;69,444
27428;69,444
27467;69,444
27503;69,444
27536;69,444
27572;69,444
27601;69,444
27632;69,444
27662;69,444
27691;69,444
27719;69,444
27749;69,444
27779;69,444
27814;69,444
27842;69,444
27871;69,444
27899;69,444
27926;69,444
27960;69,444
27990;69,444
28020;69,444
28054;69,444
28084;69,444
28116;69,444
28146;69,444
28178;69,444
28212;69,444
28242;69,444
28274;69,444
28301;69,444
28331;69,444
28361;69,444
28391;69,444
28419;69,444
28446;69,444
28482;69,444
28511;69,444
28537;69,444
28564;69,444
28599;69,444
28628;69,444
28655;69,444
28684;69,444
28718;69,444
28745;69,444
28775;69,444
28804;69,444
28833;69,444
28862;69,444
28893;69,444
28921;69,444
28953;69,444
28980;69,444
29009;69,444
29037;69,444
29065;69,444
29094;69,444
29122;69,444
29156;69,444
29183;69,444
29211;69,444
29237;69,444
29263;69,444
29293;69,444
29321;69,444
29349;69,444
29378;69,444
29408;69,444
29437;69,444
29464;69,444
29492;69,444
29520;69,444
29550;69,444
29578;69,444
29610;69,444
29639;69,444
29669;69,444
29701;69,444
29728;69,444
29760;69,444
29793;69,444
29820;69,444
29851;69,444
29885;69,444
29919;69,444
29959;69,444
29992;69,444
30023;69,444
30052;69,444
30081;69,444
30113;69,444
30145;69,444
30175;69,444
30204;69,444
30239;69,444
30274;69,444
30308;69,444
30338;69,444
30372;69,444
30409;69,444
30445;69,444
30477;69,444
30509;69,444
30543;69,444
30577;69,444
30609;69,444
30644;69,444
30673;69,444
30702;69,444
30732;69,444
30761;69,444
30790;69,444
30821;69,444
30851;69,444
30882;69,444
30914;69,444
30941;69,444
30972;69,444
31004;69,444
31045;69,444
31090;69,444
31137;69,444
31167;69,444
31201;69,444
31231;69,444
31259;69,444
31292;69,444
31322;69,444
31349;69,444
31377;69,444
31407;69,444
31438;69,444
31483;69,444
31523;69,444
31560;69,444
31599;69,444
31632;69,444
31665;69,444
31697;69,444
31728;69,444
31758;69,444
31786;69,444
31815;69,444
31846;69,444
31876;69,444
31903;69,444
31930;69,444
31958;69,444
31998;69,444
32030;69,444
32060;69,444
32095;69,444
32124;69,444
32153;69,444
32181;69,444
32210;69,444
32239;69,444
32268;69,444
32295;69,444
32324;69,444
32353;69,444
32380;69,444
32408;69,444
32437;69,444
32471;69,444
32505;69,444
32536;69,444
32569;69,444
32597;69,444
32626;69,444
32656;69,444
32685;69,444
32712;69,444
32741;69,444
32769;69,444
32799;69,444
32829;69,444
32859;69,444
32886;69,444
32913;69,444
32943;69,444
32978;69,444
33008;69,444
33035;69,444
33065;69,444
33093;69,444
33120;69,444
33149;69,444
33176;69,444
33204;69,444
33234;69,444
33266;69,444
33294;69,444
33320;69,444
33349;69,444
33377;69,444
33403;69,444
33435;69,444
33469;69,444
33499;69,444
33529;69,444
33560;69,444
33591;69,444
33620;69,444
33648;69,444
33675;69,444
33704;69,444
33735;69,444
33766;69,444
33795;69,444
33823;69,444
33851;69,444
33887;69,444
33921;69,444
33952;69,444
33980;69,444
34011;69,444
34046;69,444
34079;69,444
34111;69,444
34142;69,444
34173;69,444
34200;69,444
34232;69,444
34263;69,444
34292;69,444
34322;69,444
34351;69,444
34382;69,444
34416;69,444
34453;69,444
34489;69,444
34517;69,444
34547;69,444
34590;69,444
34626;69,444
34658;69,444
34689;69,444
34722;69,444
34757;69,444
34794;69,444
34830;69,444
34869;69,444
34908;69,444
34946;69,444
34988;69,444
35032;69,444
35061;69,444
35091;69,444
35120;69,444
35153;69,444
35183;69,444
35211;69,444
35238;69,444
35269;69,444
35306;69,444
35337;69,444
35367;69,444
35408;69,444
35443;69,444
35476;69,444
35516;69,444
35544;69,444
35577;69,444
35605;69,444
35632;69,444
35660;69,444
35689;69,444
35718;69,444
35745;69,444
35775;69,444
35810;69,444
35842;69,444
35876;69,444
35911;69,444
35945;69,444
35977;69,444
36012;69,444
36047;69,444
36079;69,444
36117;69,444
36153;69,444
36184;69,444
36218;69,444
36255;69,444
36293;69,444
36324;69,444
36359;69,444
36389;69,444
36417;69,444
36453;69,444
36485;69,444
36518;69,444
36550;69,444
36579;69,444
36611;69,444
36651;69,444
36681;69,444
36716;69,444
36752;69,444
36787;69,444
36819;69,444
36849;69,444
36876;69,444
36905;69,444
36932;69,444
36959;69,444
36991;69,444
37019;69,444
37048;69,444
37074;69,444
37101;69,444
37137;69,444
37163;69,444
37193;69,444
37222;69,444
37251;69,444
37281;69,444
37313;69,444
37350;69,444
37381;69,444
37410;69,444
37439;69,444
37467;69,444
37496;69,444
37528;69,444
37563;69,444
37592;69,444
37621;69,444
37662;69,444
37699;69,444
37731;69,444
37763;69,444
37793;69,444
37826;69,444
37858;69,444
37891;69,444
37919;69,444
37948;69,444
37979;69,444
38005;69,444
38035;69,444
38066;69,444
38096;69,444
38123;69,444
38161;69,444
38187;69,444
38214;69,444
38242;69,444
38272;69,444
38301;69,444
38337;69,444
38364;69,444
38401;69,444
38431;69,444
38459;69,444
38486;69,444
38514;69,444
38541;69,444
38570;69,444
38597;69,444
38628;69,444
38656;69,444
38687;69,444
38718;69,444
38747;69,444
38777;69,444
38805;69,444
38844;69,444
38877;69,444
38912;69,444
38943;69,444
38977;69,444
39004;69,444
39034;69,444
39067;69,444
39095;69,444
39127;69,444
39161;69,444
39193;69,444
39225;69,444
39255;69,444
39283;69,444
39313;69,444
39348;69,444
39379;69,444
39414;69,444
39443;69,444
39475;69,444
39503;69,444
39533;69,444
39561;69,444
39592;69,444
39619;69,444
39651;69,444
39682;69,444
39712;69,444
39740;69,444
39768;69,444
39800;69,444
39838;69,444
39868;69,444
39899;69,444
39929;69,444
39957;69,444
39990;69,444
40019;69,444
40051;69,444
40082;69,444
40110;69,444
40140;69,444
40168;69,444
40197;69,444
40226;69,444
40253;69,444
40281;69,444
40308;69,444
40345;69,444
40377;69,444
40409;69,444
40438;69,444
40466;69,444
40496;69,444
40523;69,444
40551;69,444
40583;69,444
40613;69,444
40647;69,444
40678;69,444
40707;69,444
40737;69,444
40764;69,444
40792;69,444
40823;69,444
40856;69,444
40889;69,444
40918;69,444
40945;69,444
40978;69,444
41009;69,444
41043;69,444
41070;69,444
41098;69,444
41139;69,444
41178;69,444
41213;69,444
41246;69,444
41278;69,444
41314;69,444
41349;69,444
41380;69,444
41411;69,444
41440;69,444
41469;69,444
41498;69,444
41526;69,444
41553;69,444
41579;69,444
41613;69,444
41648;69,444
41678;69,444
41716;69,444
41744;69,444
41776;69,444
41807;69,444
41840;69,444
41876;69,444
41904;69,444
41938;69,444
41970;69,444
42001;69,444
42030;69,444
42057;69,444
42084;69,444
42111;69,444
42140;69,444
42180;69,444
42212;69,444
42241;69,444
42270;69,444
42297;69,444
42326;69,444
42353;69,444
42389;69,444
42416;69,444
42451;69,444
42479;69,444
42509;69,444
42536;69,444
42562;69,444
42590;69,444
42621;69,444
42653;69,444
42682;69,444
42710;69,444
42741;69,444
42769;69,444
42799;69,444
42827;69,444
42859;69,444
42891;69,444
42924;69,444
42956;69,444
42988;69,444
43018;69,444
43048;69,444
43075;69,444
43107;69,444
43143;69,444
43172;69,444
43202;69,444
43239;69,444
43278;69,444
43316;69,444
43348;69,444
43386;69,444
43415;69,444
43448;69,444
43481;69,444
43515;69,444
43547;69,444
43580;69,444
43615;69,444
43649;69,444
43681;69,444
43730;69,444
43764;69,444
43796;69,444
43821;69,444
43853;69,444
43888;69,444
43917;69,444
43954;69,444
43988;69,444
44021;69,444
44049;69,444
44078;69,444
44109;69,444
44137;69,444
44167;69,444
44194;69,444
44230;69,444
44259;69,444
44286;69,444
44316;69,444
44346;69,444
44372;69,444
44401;69,444
44435;69,444
44463;69,444
44499;69,444
44529;69,444
44558;69,444
44586;69,444
44613;69,444
44642;69,444
44671;69,444
44703;69,444
44736;69,444
44764;69,444
44794;69,444
44822;69,444
44852;69,444
44880;69,444
44918;69,444
44950;69,444
44981;69,444
45011;69,444
45043;69,444
45076;69,444
45106;69,444
45135;69,444
45163;69,444
45191;69,444
45229;69,444
45261;69,444
45291;69,444
45325;69,444
45368;69,444
45416;69,444
45459;69,444
45491;69,444
45527;69,444
45557;69,444
45586;69,444
45616;69,444
45649;69,444
45682;69,444
45710;69,444
45741;69,444
45775;69,444
45800;69,444
45833;69,444
45861;69,444
45895;69,444
45927;69,444
45958;69,444
45986;69,444
46017;69,444
46051;69,444
46080;69,444
46110;69,444
46140;69,444
46173;69,444
46202;69,444
46240;69,444
46269;69,444
46299;69,444
46329;69,444
46358;69,444
46384;69,444
46415;69,444
46448;69,444
46476;69,444
46510;69,444
46537;69,444
46565;69,444
46595;69,444
46622;69,444
46649;69,444
46680;69,444
46710;69,444
46746;69,444
46774;69,444
46801;69,444
46829;69,444
46864;69,444
46893;69,444
46923;69,444
46955;69,444
46988;69,444
47020;69,444
47049;69,444
47081;69,444
47112;69,444
47139;69,444
47168;69,444
47195;69,444
47230;69,444
47261;69,444
47289;69,444
47317;69,444
47345;69,444
47373;69,444
47399;69,444
47430;69,444
47463;69,444
47494;69,444
47527;69,444
47559;69,444
47589;69,444
47619;69,444
47653;69,444
47682;69,444
47714;69,444
47745;69,444
47772;69,444
47802;69,444
47829;69,444
47858;69,444
47886;69,444
47914;69,444
47948;69,444
47978;69,444
48008;69,444
48036;69,444
48068;69,444
48096;69,444
48131;69,444
48170;69,444
48210;69,444
48256;69,444
48285;69,444
48317;69,444
48348;69,444
48377;69,444
48409;69,444
48442;69,444
48473;69,444
48508;69,444
48537;69,444
48567;69,444
48593;69,444
48625;69,444
48652;69,444
48680;69,444
48707;69,444
48738;69,444
48765;69,444
48794;69,444
48824;69,444
48852;69,444
48883;69,444
48910;69,444
48942;69,444
48978;69,444
49010;69,444
49043;69,444
49073;69,444
49105;69,444
49132;69,444
49165;69,444
49199;69,444
49227;69,444
49255;69,444
49286;69,444
49314;69,444
49342;69,444
49371;69,444
49398;69,444
49426;69,444
49465;69,444
49493;69,444
49526;69,444
49566;69,444
49605;69,444
49633;69,444
49663;69,444
49700;69,444
49742;69,444
49773;69,444
49801;69,444
49830;69,444
49859;69,444
49890;69,444
49922;69,444
49958;69,444
49990;69,444
50020;69,444
50048;69,444
50075;69,444
50104;69,444
50134;69,444
50162;69,444
50193;69,444
50230;69,444
50262;69,444
50295;69,444
50330;69,444
50363;69,444
50394;69,444
50421;69,444
50457;69,444
50486;69,444
50517;69,444
50549;69,444
50582;69,444
50610;69,444
50639;69,444
50669;69,444
50697;69,444
50729;69,444
50757;69,444
50785;69,444
50812;69,444
50844;69,444
50878;69,444
50910;69,444
50943;69,444
50979;69,444
51009;69,444
51048;69,444
51078;69,444
51111;69,444
51143;69,444
51177;69,444
51209;69,444
51244;69,444
51278;69,444
51309;69,444
51339;69,444
51370;69,444
51399;69,444
51433;69,444
51464;69,444
51500;69,444
51536;69,444
51564;69,444
51596;69,444
51633;69,444
51671;69,444
51721;69,444
51764;69,444
51810;69,444
51851;69,444
51892;69,444
51933;69,444
51969;69,444
51999;69,444
52029;69,444
52059;69,444
52086;69,444
52116;69,444
52143;69,444
52170;69,444
52198;69,444
52228;69,444
52257;69,444
52285;69,444
52329;69,444
52358;69,444
52391;69,444
52423;69,444
52453;69,444
52491;69,444
52524;69,444
52558;69,444
52589;69,444
52616;69,444
52646;69,444
52674;69,444
52704;69,444
52741;69,444
52773;69,444
52801;69,444
52839;69,444
52875;69,444
52905;69,444
52938;69,444
52971;69,444
53006;69,444
53035;69,444
53065;69,444
53096;69,444
53136;69,444
53172;69,444
53205;69,444
53237;69,444
53271;69,444
53301;69,444
53336;69,444
53371;69,444
53399;69,444
53430;69,444
53457;69,444
53495;69,444
53530;69,444
53558;69,444
53590;69,444
53618;69,444
53648;69,444
53678;69,444
53706;69,444
53739;69,444
53769;69,444
53795;69,444
53826;69,444
53856;69,444
53886;69,444
53913;69,444
53941;69,444
53973;69,444
54006;69,444
54037;69,444
54066;69,444
54092;69,444
54121;69,444
54151;69,444
54185;69,444
54213;69,444
54242;69,444
54271;69,444
54308;69,444
54337;69,444
54368;69,444
54404;69,444
54437;69,444
54470;69,444
54503;69,444
54536;69,444
54568;69,444
54599;69,444
54630;69,444
54658;69,444
54688;69,444
54717;69,444
54751;69,444
54781;69,444
54826;69,444
54869;69,444
54905;69,444
54944;69,444
54973;69,444
55003;69,444
55044;69,444
55079;69,444
55111;69,444
55143;69,444
55176;69,444
55206;69,444
55233;69,444
55266;69,444
55293;69,444
55326;69,444
55355;69,444
55385;69,444
55415;69,444
55441;69,444
55476;69,444
55506;69,444
55537;69,444
55568;69,444
55598;69,444
55626;69,444
55656;69,444
55684;69,444
55714;69,444
55743;69,444
55773;69,444
55817;69,444
55854;69,444
55886;69,444
55918;69,444
55951;69,444
55990;69,444
56026;69,444
56059;69,444
56096;69,444
56131;69,444
56163;69,444
56196;69,444
56230;69,444
56264;69,444
56296;69,444
56334;69,444
56372;69,444
56409;69,444
56448;69,444
56486;69,444
56521;69,444
56550;69,444
56580;69,444
56612;69,444
56638;69,444
56667;69,444
56698;69,444
56729;69,444
56758;69,444
56789;69,444
56818;69,444
56850;69,444
56879;69,444
56911;69,444
56943;69,444
56971;69,444
57003;69,444
57031;69,444
57064;69,444
57093;69,444
57119;69,444
57151;69,444
57177;69,444
57204;69,444
57236;69,444
57266;69,444
57294;69,444
57334;69,444
57361;69,444
57393;69,444
57427;69,444
57458;69,444
57493;69,444
57526;69,444
57555;69,444
57583;69,444
57610;69,444
57638;69,444
57666;69,444
57694;69,444
57722;69,444
57749;69,444
57786;69,444
57815;69,444
57843;69,444
57881;69,444
57920;69,444
57961;69,444
58009;69,444
58060;69,444
58102;69,444
58144;69,444
58185;69,444
58221;69,444
58251;69,444
58281;69,444
58317;69,444
58358;69,444
58390;69,444
58420;69,444
58453;69,444
58490;69,444
58524;69,444
58560;69,444
58595;69,444
58622;69,444
58649;69,444
58679;69,444
58706;69,444
58734;69,444
58763;69,444
58791;69,444
58821;69,444
58859;69,444
58892;69,444
58939;69,444
58979;69,444
59026;69,444
59062;69,444
59089;69,444
59124;69,444
59165;69,444
59200;69,444
59234;69,444
59266;69,444
59296;69,444
59326;69,444
59358;69,444
59389;69,444
59417;69,444
59445;69,444
59474;69,444
59510;69,444
59542;69,444
59574;69,444
59603;69,444
59633;69,444
59661;69,444
59690;69,444
59719;69,444
59750;69,444
59780;69,444
59810;69,444
59841;69,444
59868;69,444
59902;69,444
59929;69,444
59962;69,444
59995;69,444
60025;69,444
60057;69,444
60087;69,444
60114;69,444
60144;69,444
60171;69,444
60200;69,444
60235;69,444
60261;69,444
60295;69,444
60331;69,444
60362;69,444
60392;69,444
60425;69,444
60455;69,444
60491;69,444
60525;69,444
60561;69,444
60591;69,444
60620;69,444
60653;69,444
60686;69,444
60718;69,444
60750;69,444
60778;69,444
60817;69,444
60850;69,444
60879;69,444
60910;69,444
60940;69,444
60970;69,444
61017;69,444
61062;69,444
61100;69,444
61141;69,444
61178;69,444
61219;69,444
61249;69,444
61278;69,444
61316;69,444
61356;69,444
61390;69,444
61419;69,444
61447;69,444
61476;69,444
61515;69,444
61545;69,444
61573;69,444
61601;69,444
61630;69,444
61659;69,444
61691;69,444
61722;69,444
61749;69,444
61781;69,444
61811;69,444
61854;69,444
61884;69,444
61915;69,444
61947;69,444
61974;69,444
62005;69,444
62041;69,444
62072;69,444
62103;69,444
62132;69,444
62163;69,444
62190;69,444
62219;69,444
62247;69,444
62274;69,444
62307;69,444
62336;69,444
62366;69,444
62396;69,444
62429;69,444
62457;69,444
62486;69,444
62520;69,444
62554;69,444
62582;69,444
62615;69,444
62644;69,444
62672;69,444
62701;69,444
62730;69,444
62768;69,444
62798;69,444
62827;69,444
62855;69,444
62885;69,444
62915;69,444
62945;69,444
62973;69,444
63003;69,444
63041;69,444
63076;69,444
63115;69,444
63165;69,444
63207;69,444
63236;69,444
63268;69,444
63314;69,444
63353;69,444
63391;69,444
63427;69,444
63456;69,444
63485;69,444
63517;69,444
63553;69,444
63586;69,444
63617;69,444
63653;69,444
63682;69,444
63713;69,444
63742;69,444
63783;69,444
63816;69,444
63846;69,444
63878;69,444
63911;69,444
63941;69,444
63971;69,444
63999;69,444
64038;69,444
64068;69,444
64100;69,444
64132;69,444
64164;69,444
64194;69,444
64223;69,444
64259;69,444
64287;69,444
64315;69,444
64344;69,444
64372;69,444
64399;69,444
64427;69,444
64455;69,444
64489;69,444
64519;69,444
64556;69,444
64592;69,444
64616;69,444
64649;69,444
64677;69,444
64706;69,444
64741;69,444
64773;69,444
64800;69,444
64831;69,444
64865;69,444
64897;69,444
64928;69,444
64959;69,444
64989;69,444
65017;69,444
65052;69,444
65081;69,444
65113;69,444
65143;69,444
65171;69,444
65207;69,444
65238;69,444
65268;69,444
65298;69,444
65330;69,444
65360;69,444
65389;69,444
65420;69,444
65454;69,444
65487;69,444
65532;69,444
65581;69,444
65631;69,444
65662;69,444
65698;69,444
65743;69,444
65774;69,444
65803;69,444
65837;69,444
65865;69,444
65894;69,444
65921;69,444
65952;69,444
65980;69,444
66011;69,444
66046;69,444
66078;69,444
66112;69,444
66141;69,444
66171;69,444
66199;69,444
66239;69,444
66268;69,444
66297;69,444
66328;69,444
66370;69,444
66411;69,444
66453;69,444
66482;69,444
66515;69,444
66546;69,444
66585;69,444
66617;69,444
66651;69,444
66683;69,444
66714;69,444
66755;69,444
66793;69,444
66835;69,444
66873;69,444
66901;69,444
66934;69,444
66967;69,444
66997;69,444
67034;69,444
67072;69,444
67114;69,444
67153;69,444
67182;69,444
67210;69,444
67239;69,444
67275;69,444
67306;69,444
67337;69,444
67368;69,444
67404;69,444
67450;69,444
67480;69,444
67511;69,444
67550;69,444
67586;69,444
67622;69,444
67659;69,444
67688;69,444
67718;69,444
67747;69,444
67778;69,444
67816;69,444
67848;69,444
67881;69,444
67909;69,444
67937;69,444
67968;69,444
67998;69,444
68032;69,444
68064;69,444
68100;69,444
68139;69,444
68178;69,444
68210;69,444
68242;69,444
68281;69,444
68323;69,444
68354;69,444
68383;69,444
68416;69,444
68446;69,444
68480;69,444
68515;69,444
68551;69,444
68585;69,444
68618;69,444
68651;69,444
68679;69,444
68708;69,444
68738;69,444
68770;69,444
68803;69,444
68834;69,444
68864;69,444
68893;69,444
68921;69,444
68956;69,444
68984;69,444
69014;69,444
69052;69,444
69086;69,444
69118;69,444
69148;69,444
69180;69,444
69210;69,444
69237;69,444
69274;69,444
69312;69,444
69343;69,444
69376;69,444
69405;69,444
69436;69,444
69463;69,444
69497;69,444
69539;69,444
69570;69,444
69605;69,444
69636;69,444
69672;69,444
69701;69,444
69733;69,444
69761;69,444
69796;69,444
69827;69,444
69860;69,444
69892;69,444
69920;69,444
69950;69,444
69980;69,444
70010;69,444
70052;69,444
70084;69,444
70116;69,444
70148;69,444
70177;69,444
70209;69,444
70247;69,444
70277;69,444
70308;69,444
70338;69,444
70367;69,444
70398;69,444
70425;69,444
70457;69,444
70491;69,444
70525;69,444
70568;69,444
70620;69,444
70664;69,444
70704;69,444
70745;69,444
70791;69,444
70846;69,444
70888;69,444
70928;69,444
70970;69,444
71008;69,444
71048;69,444
71091;69,444
71126;69,444
71163;69,444
71199;69,444
71246;69,444
71280;69,444
71324;69,444
71357;69,444
71394;69,444
71444;69,444
71484;69,444
71518;69,444
71551;69,444
71593;69,444
71629;69,444
71666;69,444
71707;69,444
71741;69,444
71789;69,444
71830;69,444
71875;69,444
71921;69,444
71958;69,444
72009;69,444
72045;69,444
72085;69,444
72132;69,444
72181;69,444
72225;69,444
72270;69,444
72307;69,444
72337;69,444
72370;69,444
72404;69,444
72437;69,444
72469;69,444
72497;69,444
72525;69,444
72563;69,444
72610;69,444
72653;69,444
72692;69,444
72731;69,444
72770;69,444
72808;69,444
72845;69,444
72874;69,444
72903;69,444
72932;69,444
72969;69,444
73000;69,444
73032;69,444
73069;69,444
73096;69,444
73137;69,444
73178;69,444
73219;69,444
73255;69,444
73290;69,444
73327;69,444
73357;69,444
73388;69,444
73421;69,444
73453;69,444
73485;69,444
73513;69,444
73546;69,444
73578;69,444
73624;69,444
73669;69,444
73703;69,444
73743;69,444
73785;69,444
73824;69,444
73865;69,444
73899;69,444
73928;69,444
73955;69,444
73985;69,444
74015;69,444
74050;69,444
74091;69,444
74126;69,444
74162;69,444
74194;69,444
74231;69,444
74260;69,444
74291;69,444
74321;69,444
74350;69,444
74378;69,444
74409;69,444
74438;69,444
74466;69,444
74495;69,444
74526;69,444
74553;69,444
74583;69,444
74613;69,444
74651;69,444
74681;69,444
74717;69,444
74746;69,444
74773;69,444
74803;69,444
74830;69,444
74857;69,444
74887;69,444
74921;69,444
74953;69,444
74980;69,444
75007;69,444
75036;69,444
75065;69,444
75098;69,444
75134;69,444
75169;69,444
75203;69,444
75234;69,444
75264;69,444
75296;69,444
75324;69,444
75352;69,444
75381;69,444
75412;69,444
75442;69,444
75472;69,444
75500;69,444
75527;69,444
75572;69,444
75607;69,444
75638;69,444
75668;69,444
75699;69,444
75731;69,444
75759;69,444
75792;69,444
75819;69,444
75848;69,444
75875;69,444
75901;69,444
75932;69,444
75963;69,444
75990;69,444
76025;69,444
76053;69,444
76083;69,444
76118;69,444
76149;69,444
76182;69,444
76210;69,444
76237;69,444
76266;69,444
76293;69,444
76320;69,444
76351;69,444
76382;69,444
76412;69,444
76442;69,444
76483;69,444
76513;69,444
76542;69,444
76572;69,444
76602;69,444
76636;69,444
76668;69,444
76698;69,444
76727;69,444
76756;69,444
76783;69,444
76815;69,444
76844;69,444
76872;69,444
76898;69,444
76940;69,444
76972;69,444
77003;69,444
77030;69,444
77057;69,444
77086;69,444
77123;69,444
77158;69,444
77191;69,444
77222;69,444
77251;69,444
77283;69,444
77312;69,444
77340;69,444
77372;69,444
77406;69,444
77435;69,444
77462;69,444
77490;69,444
77522;69,444
77555;69,444
77591;69,444
77625;69,444
77657;69,444
77687;69,444
77716;69,444
77756;69,444
77788;69,444
77820;69,444
77849;69,444
77887;69,444
77919;69,444
77947;69,444
77977;69,444
78006;69,444
78035;69,444
78067;69,444
78095;69,444
78129;69,444
78161;69,444
78191;69,444
78220;69,444
78249;69,444
78280;69,444
78313;69,444
78354;69,444
78386;69,444
78414;69,444
78448;69,444
78477;69,444
78506;69,444
78536;69,444
78572;69,444
78605;69,444
78636;69,444
78669;69,444
78696;69,444
78724;69,444
78752;69,444
78783;69,444
78817;69,444
78850;69,444
78883;69,444
78912;69,444
78941;69,444
78969;69,444
79010;69,444
79038;69,444
79068;69,444
79098;69,444
79129;69,444
79163;69,444
79200;69,444
79231;69,444
79258;69,444
79302;69,444
79335;69,444
79366;69,444
79394;69,444
79424;69,444
79453;69,444
79481;69,444
79508;69,444
79537;69,444
79568;69,444
79601;69,444
79633;69,444
79667;69,444
79698;69,444
79729;69,444
79768;69,444
79800;69,444
79830;69,444
79860;69,444
79889;69,444
79916;69,444
79943;69,444
79973;69,444
80002;69,444
80037;69,444
80066;69,444
80098;69,444
80132;69,444
80170;69,444
80203;69,444
80235;69,444
80266;69,444
80297;69,444
80330;69,444
80358;69,444
80388;69,444
80418;69,444
80449;69,444
80478;69,444
80505;69,444
80535;69,444
80566;69,444
80595;69,444
80630;69,444
80677;69,444
80706;69,444
80736;69,444
80769;69,444
80796;69,444
80823;69,444
80852;69,444
80879;69,444
80912;69,444
80944;69,444
80972;69,444
81000;69,444
81029;69,444
81061;69,444
81101;69,444
81165;69,444
81208;69,444
81245;69,444
81283;69,444
81314;69,444
81343;69,444
81376;69,444
81412;69,444
81452;69,444
81483;69,444
81510;69,444
81537;69,444
81568;69,444
81597;69,444
81631;69,444
81664;69,444
81700;69,444
81729;69,444
81759;69,444
81794;69,444
81826;69,444
81854;69,444
81884;69,444
81913;69,444
81942;69,444
81970;69,444
82000;69,444
82028;69,444
82058;69,444
82094;69,444
82131;69,444
82164;69,444
82195;69,444
82229;69,444
82258;69,444
82288;69,444
82320;69,444
82349;69,444
82377;69,444
82407;69,444
82436;69,444
82466;69,444
82494;69,444
82523;69,444
82561;69,444
82591;69,444
82625;69,444
82661;69,444
82697;69,444
82728;69,444
82758;69,444
82791;69,444
82823;69,444
82854;69,444
82882;69,444
82910;69,444
82939;69,444
82969;69,444
83008;69,444
83039;69,444
83068;69,444
83102;69,444
83141;69,444
83178;69,444
83213;69,444
83242;69,444
83272;69,444
83306;69,444
83346;69,444
83386;69,444
83422;69,444
83462;69,444
83498;69,444
83542;69,444
83583;69,444
83623;69,444
83663;69,444
83704;69,444
83741;69,444
83779;69,444
83818;69,444
83857;69,444
83897;69,444
83934;69,444
83975;69,444
84016;69,444
84055;69,444
84098;69,444
84163;69,444
84208;69,444
84253;69,444
84292;69,444
84325;69,444
84362;69,444
84398;69,444
84429;69,444
84462;69,444
84495;69,444
84529;69,444
84560;69,444
84596;69,444
84630;69,444
84671;69,444
84701;69,444
84736;69,444
84767;69,444
84823;69,444
84851;69,444
84880;69,444
84908;69,444
84934;69,444
84963;69,444
84993;69,444
85023;69,444
85055;69,444
85085;69,444
85114;69,444
85150;69,444
85176;69,444
85211;69,444
85245;69,444
85276;69,444
85310;69,444
85341;69,444
85374;69,444
85406;69,444
85434;69,444
85463;69,444
85491;69,444
85521;69,444
85551;69,444
85587;69,444
85616;69,444
85644;69,444
85677;69,444
85706;69,444
85734;69,444
85769;69,444
85799;69,444
85827;69,444
85857;69,444
85884;69,444
85915;69,444
85941;69,444
85971;69,444
86004;69,444
86032;69,444
86060;69,444
86090;69,444
86119;69,444
86153;69,444
86183;69,444
86222;69,444
86253;69,444
86284;69,444
86313;69,444
86342;69,444
86372;69,444
86401;69,444
86431;69,444
86459;69,444
86488;69,444
86517;69,444
86545;69,444
86574;69,444
86602;69,444
86631;69,444
86661;69,444
86697;69,444
86725;69,444
86756;69,444
86785;69,444
86813;69,444
86839;69,444
86885;69,444
86917;69,444
86947;69,444
86975;69,444
87003;69,444
87030;69,444
87061;69,444
87092;69,444
87121;69,444
87150;69,444
87188;69,444
87221;69,444
87254;69,444
87283;69,444
87315;69,444
87346;69,444
87379;69,444
87411;69,444
87451;69,444
87491;69,444
87521;69,444
87551;69,444
87585;69,444
87618;69,444
87660;69,444
87697;69,444
87730;69,444
87765;69,444
87801;69,444
87831;69,444
87862;69,444
87894;69,444
87922;69,444
87950;69,444
87979;69,444
88009;69,444
88036;69,444
88069;69,444
88100;69,444
88129;69,444
88159;69,444
88185;69,444
88217;69,444
88256;69,444
88294;69,444
88325;69,444
88352;69,444
88382;69,444
88410;69,444
88441;69,444
88481;69,444
88513;69,444
88543;69,444
88574;69,444
88602;69,444
88635;69,444
88664;69,444
88704;69,444
88741;69,444
88774;69,444
88801;69,444
88831;69,444
88859;69,444
88889;69,444
88917;69,444
88947;69,444
88976;69,444
89009;69,444
89040;69,444
89068;69,444
89097;69,444
89129;69,444
89165;69,444
89194;69,444
89231;69,444
89259;69,444
89294;69,444
89323;69,444
89350;69,444
89389;69,444
89416;69,444
89446;69,444
89474;69,444
89501;69,444
89533;69,444
89563;69,444
89592;69,444
89631;69,444
89662;69,444
89694;69,444
89732;69,444
89764;69,444
89800;69,444
89833;69,444
89864;69,444
89893;69,444
89926;69,444
89954;69,444
89984;69,444
90014;69,444
90043;69,444
90081;69,444
90111;69,444
90143;69,444
90177;69,444
90206;69,444
90240;69,444
90271;69,444
90307;69,444
90336;69,444
90363;69,444
90392;69,444
90419;69,444
90448;69,444
90479;69,444
90511;69,444
90541;69,444
90573;69,444
90602;69,444
90630;69,444
90658;69,444
90688;69,444
90719;69,444
90756;69,444
90791;69,444
90824;69,444
90855;69,444
90888;69,444
90921;69,444
90954;69,444
91002;69,444
91030;69,444
91063;69,444
91097;69,444
91129;69,444
91158;69,444
91189;69,444
91221;69,444
91256;69,444
91292;69,444
91324;69,444
91354;69,444
91384;69,444
91413;69,444
91445;69,444
91474;69,444
91502;69,444
91529;69,444
91559;69,444
91588;69,444
91618;69,444
91649;69,444
91676;69,444
91708;69,444
91745;69,444
91778;69,444
91807;69,444
91838;69,444
91888;69,444
91919;69,444
91949;69,444
91978;69,444
92008;69,444
92039;69,444
92067;69,444
92097;69,444
92125;69,444
92155;69,444
92185;69,444
92217;69,444
92256;69,444
92288;69,444
92316;69,444
92355;69,444
92399;69,444
92430;69,444
92457;69,444
92488;69,444
92518;69,444
92546;69,444
92577;69,444
92608;69,444
92638;69,444
92666;69,444
92696;69,444
92723;69,444
92768;69,444
92800;69,444
92831;69,444
92859;69,444
92889;69,444
92924;69,444
92964;69,444
93013;69,444
93056;69,444
93100;69,444
93136;69,444
93167;69,444
93196;69,444
93235;69,444
93284;69,444
93320;69,444
93351;69,444
93380;69,444
93411;69,444
93444;69,444
93472;69,444
93503;69,444
93530;69,444
93559;69,444
93588;69,444
93620;69,444
93647;69,444
93677;69,444
93706;69,444
93754;69,444
93788;69,444
93821;69,444
93854;69,444
93885;69,444
93913;69,444
93943;69,444
93971;69,444
94002;69,444
94034;69,444
94062;69,444
94089;69,444
94119;69,444
94149;69,444
94182;69,444
94209;69,444
94237;69,444
94273;69,444
94303;69,444
94337;69,444
94369;69,444
94400;69,444
94430;69,444
94460;69,444
94492;69,444
94524;69,444
94552;69,444
94587;69,444
94624;69,444
94652;69,444
94682;69,444
94711;69,444
94744;69,444
94775;69,444
94807;69,444
94837;69,444
94868;69,444
94900;69,444
94933;69,444
94963;69,444
94992;69,444
95023;69,444
95050;69,444
95092;69,444
95121;69,444
95157;69,444
95200;69,444
95248;69,444
95293;69,444
95326;69,444
95359;69,444
95389;69,444
95420;69,444
95449;69,444
95481;69,444
95519;69,444
95551;69,444
95590;69,444
95621;69,444
95662;69,444
95708;69,444
95756;69,444
95800;69,444
95829;69,444
95857;69,444
95889;69,444
95921;69,444
95950;69,444
95981;69,444
96012;69,444
96040;69,444
96072;69,444
96104;69,444
96134;69,444
96170;69,444
96202;69,444
96241;69,444
96278;69,444
96315;69,444
96349;69,444
96383;69,444
96416;69,444
96454;69,444
96525;69,444
96561;69,444
96607;69,444
96645;69,444
96683;69,444
96721;69,444
96761;69,444
96789;69,444
96819;69,444
96848;69,444
96877;69,444
96905;69,444
96938;69,444
96968;69,444
96998;69,444
97027;69,444
97055;69,444
97088;69,444
97118;69,444
97150;69,444
97185;69,444
97232;69,444
97280;69,444
97336;69,444
97376;69,444
97412;69,444
97440;69,444
97476;69,444
97517;69,444
97557;69,444
97585;69,444
97626;69,444
97659;69,444
97690;69,444
97724;69,444
97758;69,444
97794;69,444
97826;69,444
97857;69,444
97886;69,444
97916;69,444
97949;69,444
97982;69,444
98012;69,444
98042;69,444
98076;69,444
98115;69,444
98148;69,444
98177;69,444
98207;69,444
98242;69,444
98273;69,444
98306;69,444
98334;69,444
98364;69,444
98390;69,444
98422;69,444
98449;69,444
98478;69,444
98513;69,444
98547;69,444
98577;69,444
98604;69,444
98633;69,444
98664;69,444
98692;69,444
98725;69,444
98755;69,444
98787;69,444
98816;69,444
98847;69,444
98876;69,444
98913;69,444
98946;69,444
98975;69,444
99005;69,444
99032;69,444
99061;69,444
99090;69,444
99120;69,444
99148;69,444
99178;69,444
99209;69,444
99251;69,444
99282;69,444
99318;69,444
99349;69,444
99384;69,444
99419;69,444
99451;69,444
99484;69,444
99513;69,444
99541;69,444
99571;69,444
99599;69,444
99628;69,444
99656;69,444
99687;69,444
99718;69,444
99753;69,444
99783;69,444
99826;69,444
99857;69,444
99886;69,444
99916;69,444
99947;69,444
99977;69,444
100016;69,444
100054;69,444
100100;69,444
100131;69,444
100165;69,444
100206;69,444
100252;69,444
100294;69,444
100336;69,444
100366;69,444
100410;69,444
100451;69,444
100491;69,444
100530;69,444
100560;69,444
100592;69,444
100628;69,444
100658;69,444
100693;69,444
100724;69,444
100756;69,444
100786;69,444
100823;69,444
100858;69,444
100887;69,444
100915;69,444
100944;69,444
100973;69,444
101001;69,444
101031;69,444
101063;69,444
101090;69,444
101117;69,444
101146;69,444
101183;69,444
101213;69,444
101255;69,444
101284;69,444
101318;69,444
101349;69,444
101385;69,444
101418;69,444
101452;69,444
101485;69,444
101517;69,444
101556;69,444
101589;69,444
101626;69,444
101663;69,444
101696;69,444
101735;69,444
101775;69,444
101813;69,444
101846;69,444
101879;69,444
101912;69,444
101952;69,444
101994;69,444
102034;69,444
102073;69,444
102111;69,444
102157;69,444
102204;69,444
102246;69,444
102310;69,444
102351;69,444
102390;69,444
102431;69,444
102467;69,444
102502;69,444
102531;69,444
102569;69,444
102607;69,444
102636;69,444
102668;69,444
102695;69,444
102723;69,444
102758;69,444
102794;69,444
102821;69,444
102859;69,444
102893;69,444
102924;69,444
102956;69,444
102985;69,444
103014;69,444
103043;69,444
103071;69,444
103107;69,444
103141;69,444
103173;69,444
103209;69,444
103238;69,444
103272;69,444
103305;69,444
103333;69,444
103364;69,444
103395;69,444
103426;69,444
103456;69,444
103485;69,444
103517;69,444
103551;69,444
103589;69,444
103623;69,444
103671;69,444
103703;69,444
103741;69,444
103772;69,444
103808;69,444
103839;69,444
103877;69,444
103907;69,444
103936;69,444
103969;69,444
103998;69,444
104027;69,444
104057;69,444
104090;69,444
104120;69,444
104148;69,444
104175;69,444
104204;69,444
104235;69,444
104268;69,444
104304;69,444
104336;69,444
104368;69,444
104399;69,444
104428;69,444
104458;69,444
104488;69,444
104524;69,444
104556;69,444
104588;69,444
104617;69,444
104647;69,444
104674;69,444
104703;69,444
104731;69,444
104763;69,444
104802;69,444
104831;69,444
104866;69,444
104896;69,444
104922;69,444
104960;69,444
104988;69,444
105016;69,444
105049;69,444
105089;69,444
105120;69,444
105153;69,444
105187;69,444
105225;69,444
105253;69,444
105286;69,444
105318;69,444
105359;69,444
105391;69,444
105420;69,444
105449;69,444
105478;69,444
105508;69,444
105545;69,444
105578;69,444
105616;69,444
105643;69,444
105672;69,444
105704;69,444
105737;69,444
105768;69,444
105804;69,444
105840;69,444
105871;69,444
105903;69,444
105936;69,444
105965;69,444
105995;69,444
106026;69,444
106054;69,444
106084;69,444
106113;69,444
106143;69,444
106171;69,444
106201;69,444
106233;69,444
106268;69,444
106303;69,444
106334;69,444
106369;69,444
106400;69,444
106429;69,444
106459;69,444
106487;69,444
106519;69,444
106548;69,444
106575;69,444
106604;69,444
106633;69,444
106664;69,444
106696;69,444
106725;69,444
106758;69,444
106794;69,444
106826;69,444
106865;69,444
106892;69,444
106924;69,444
106951;69,444
106979;69,444
107010;69,444
107037;69,444
107076;69,444
107107;69,444
107144;69,444
107175;69,444
107208;69,444
107253;69,444
107292;69,444
107325;69,444
107358;69,444
107386;69,444
107415;69,444
107446;69,444
107477;69,444
107510;69,444
107539;69,444
107577;69,444
107623;69,444
107666;69,444
107699;69,444
107730;69,444
107829;69,444
107882;69,444
107921;69,444
107957;69,444
107989;69,444
108019;69,444
108055;69,444
108090;69,444
108123;69,444
108153;69,444
108189;69,444
108222;69,444
108255;69,444
108287;69,444
108322;69,444
108356;69,444
108387;69,444
108713;69,444
108766;69,444
108799;69,444
108839;69,444
108871;69,444
108899;69,444
108947;69,444
108987;69,444
109024;69,444
109059;69,444
109105;69,444
109141;69,444
109189;69,444
109239;69,444
109288;69,444
109336;69,444
109370;69,444
109414;69,444
109451;69,444
109480;69,444
109514;69,444
109550;69,444
109584;69,444
109618;69,444
109650;69,444
109680;69,444
109710;69,444
109740;69,444
109775;69,444
109807;69,444
109846;69,444
109878;69,444
109912;69,444
109948;69,444
110005;69,444
110044;69,444
110081;69,444
110110;69,444
110143;69,444
110174;69,444
110203;69,444
110233;69,444
110263;69,444
110291;69,444
110323;69,444
110353;69,444
110380;69,444
110415;69,444
110443;69,444
110701;69,444
111578;69,444
112128;69,444
112175;69,444
112210;69,444
112243;69,444
112293;69,444
112349;69,444
112380;69,444
112413;69,444
112465;69,444
112511;69,444
112548;69,444
112581;69,444
112615;69,444
112648;69,444
112699;69,444
112732;69,444
112764;69,444
112799;69,444
112853;69,444
112887;69,444
112921;69,444
112951;69,444
113000;69,444
113032;69,444
113069;69,444
113101;69,444
113149;69,444
113183;69,444
113216;69,444
113248;69,444
113288;69,444
113341;69,444
113380;69,444
113414;69,444
113444;69,444
113493;69,444
113522;69,444
113557;69,444
113590;69,444
113622;69,444
113675;69,444
113715;69,444
113757;69,444
113797;69,444
113865;69,444
113903;69,444
113935;69,444
113968;69,444
114020;69,444
114056;69,444
114090;69,444
114122;69,444
114166;69,444
114204;69,444
114237;69,444
114269;69,444
114304;69,444
114361;69,444
114394;69,444
114426;69,444
114456;69,444
114501;69,444
114532;69,444
114566;69,444
114597;69,444
114631;69,444
114679;69,444
114712;69,444
114744;69,444
114774;69,444
114808;69,444
114856;69,444
114889;69,444
114920;69,444
114949;69,444
114979;69,444
115030;69,444
115065;69,444
115097;69,444
115128;69,444
115159;69,444
115204;69,444
115236;69,444
115269;69,444
115307;69,444
115352;69,444
115399;69,444
115437;69,444
115468;69,444
115501;69,444
115535;69,444
115583;69,444
115618;69,444
115651;69,444
115683;69,444
115720;69,444
115768;69,444
115807;69,444
115838;69,444
115872;69,444
115935;69,444
115966;69,444
116001;69,444
116034;69,444
116080;69,444
116117;69,444
116151;69,444
116183;69,444
116217;69,444
116264;69,444
116301;69,444
116333;69,444
116366;69,444
116400;69,444
116449;69,444
116482;69,444
116514;69,444
116544;69,444
116574;69,444
116619;69,444
116652;69,444
116682;69,444
116713;69,444
116747;69,444
116806;69,444
116844;69,444
116881;69,444
116914;69,444
116962;69,444
116996;69,444
117025;69,444
117056;69,444
117088;69,444
117134;69,444
117166;69,444
117197;69,444
117229;69,444
117266;69,444
117316;69,444
117350;69,444
117382;69,444
117417;69,444
117469;69,444
117500;69,444
117533;69,444
117561;69,444
117596;69,444
117644;69,444
117679;69,444
117709;69,444
117752;69,444
117785;69,444
117834;69,444
117866;69,444
117900;69,444
117933;69,444
117968;69,444
118016;69,444
118049;69,444
118081;69,444
118113;69,444
118148;69,444
118199;69,444
118238;69,444
118282;69,444
118315;69,444
118364;69,444
118398;69,444
118429;69,444
118464;69,444
118497;69,444
118547;69,444
118579;69,444
118610;69,444
118642;69,444
118675;69,444
118724;69,444
118752;69,444
118791;69,444
118822;69,444
118853;69,444
118904;69,444
118938;69,444
118975;69,444
119005;69,444
119049;69,444
119113;69,444
119143;69,444
119175;69,444
119218;69,444
119259;69,444
119302;69,444
119336;69,444
119388;69,444
119425;69,444
119457;69,444
119490;69,444
119540;69,444
119573;69,444
119608;69,444
119642;69,444
119691;69,444
119725;69,444
119798;69,444
119855;69,444
119885;69,444
119918;69,444
119950;69,444
120000;69,444
120039;69,444
120073;69,444
120106;69,444
120154;69,444
120189;69,444
120223;69,444
120255;69,444
120288;69,444
120346;69,444
120388;69,444
120425;69,444
120458;69,444
120506;69,444
120541;69,444
120574;69,444
120606;69,444
120638;69,444
120685;69,444
120718;69,444
120749;69,444
120779;69,444
120812;69,444
120864;69,444
120904;69,444
120939;69,444
120970;69,444
121015;69,444
121047;69,444
121081;69,444
121113;69,444
121149;69,444
121202;69,444
121241;69,444
121274;69,444
121305;69,444
121357;69,444
121398;69,444
121437;69,444
121470;69,444
121520;69,444
121555;69,444
121589;69,444
121620;69,444
121670;69,444
121703;69,444
121734;69,444
121769;69,444
121803;69,444
121854;69,444
121895;69,444
121933;69,444
121969;69,444
122016;69,444
122052;69,444
122082;69,444
122117;69,444
122154;69,444
122211;69,444
122252;69,444
122296;69,444
122338;69,444
122407;69,444
122462;69,444
122518;69,444
122582;69,444
122624;69,444
122668;69,444
122727;69,444
122764;69,444
122797;69,444
122831;69,444
122885;69,444
122917;69,444
122953;69,444
122985;69,444
123035;69,444
123068;69,444
123100;69,444
123130;69,444
123164;69,444
123214;69,444
123247;69,444
123280;69,444
123310;69,444
123341;69,444
123391;69,444
123423;69,444
123455;69,444
123506;69,444
123555;69,444
123590;69,444
123623;69,444
123653;69,444
123704;69,444
123737;69,444
123769;69,444
123807;69,444
123859;69,444
123894;69,444
123928;69,444
123962;69,444
124029;69,444
124063;69,444
124094;69,444
124125;69,444
124176;69,444
124211;69,444
124243;69,444
124279;69,444
124326;69,444
124359;69,444
124395;69,444
124428;69,444
124464;69,444
124518;69,444
124553;69,444
124588;69,444
124621;69,444
124669;69,444
124702;69,444
124733;69,444
124763;69,444
124794;69,444
124838;69,444
124872;69,444
124904;69,444
124936;69,444
124976;69,444
125023;69,444
125054;69,444
125085;69,444
125118;69,444
125152;69,444
125201;69,444
125235;69,444
125268;69,444
125300;69,444
125332;69,444
125385;69,444
125420;69,444
125454;69,444
125492;69,444
125543;69,444
125575;69,444
125608;69,444
125640;69,444
125688;69,444
125719;69,444
125752;69,444
125784;69,444
125824;69,444
125879;69,444
125918;69,444
125956;69,444
126003;69,444
126049;69,444
126082;69,444
126117;69,444
126148;69,444
126182;69,444
126234;69,444
126266;69,444
126299;69,444
126331;69,444
126374;69,444
126424;69,444
126458;69,444
126500;69,444
126532;69,444
126585;69,444
126621;69,444
126655;69,444
126688;69,444
126737;69,444
126770;69,444
126802;69,444
126831;69,444
126864;69,444
126913;69,444
126947;69,444
126981;69,444
127020;69,444
127074;69,444
127107;69,444
127139;69,444
127170;69,444
127219;69,444
127252;69,444
127286;69,444
127318;69,444
127355;69,444
127401;69,444
127442;69,444
127488;69,444
127541;69,444
127607;69,444
127646;69,444
127677;69,444
127713;69,444
127771;69,444
127804;69,444
127836;69,444
127868;69,444
127915;69,444
127945;69,444
127979;69,444
128014;69,444
128055;69,444
128100;69,444
128137;69,444
128170;69,444
128200;69,444
128234;69,444
128283;69,444
128316;69,444
128346;69,444
128377;69,444
128410;69,444
128461;69,444
128495;69,444
128528;69,444
128572;69,444
128624;69,444
128659;69,444
128696;69,444
128733;69,444
128779;69,444
128814;69,444
128849;69,444
128880;69,444
128916;69,444
128968;69,444
129000;69,444
129032;69,444
129067;69,444
129119;69,444
129151;69,444
129182;69,444
129213;69,444
129246;69,444
129296;69,444
129329;69,444
129362;69,444
129392;69,444
129426;69,444
129474;69,444
129510;69,444
129564;69,444
129606;69,444
129671;69,444
129716;69,444
129751;69,444
129802;69,444
129860;69,444
129905;69,444
129951;69,444
129997;69,444
130064;69,444
130097;69,444
130128;69,444
130169;69,444
130231;69,444
130265;69,444
130297;69,444
130331;69,444
130382;69,444
130418;69,444
130452;69,444
130482;69,444
130536;69,444
130573;69,444
130607;69,444
130644;69,444
130704;69,444
130748;69,444
130782;69,444
130813;69,444
130854;69,444
130886;69,444
130918;69,444
130949;69,444
130981;69,444
131043;69,444
131074;69,444
131103;69,444
131134;69,444
131185;69,444
131220;69,444
131253;69,444
131284;69,444
131320;69,444
131371;69,444
131408;69,444
131440;69,444
131470;69,444
131517;69,444
131552;69,444
131590;69,444
131620;69,444
131683;69,444
131716;69,444
131753;69,444
131786;69,444
131837;69,444
131869;69,444
131902;69,444
131933;69,444
131966;69,444
132016;69,444
132051;69,444
132083;69,444
132115;69,444
132155;69,444
132201;69,444
132234;69,444
132269;69,444
132302;69,444
132339;69,444
132386;69,444
132418;69,444
132454;69,444
132487;69,444
132518;69,444
132569;69,444
132614;69,444
132649;69,444
132681;69,444
132732;69,444
132765;69,444
132799;69,444
132833;69,444
132886;69,444
132920;69,444
132954;69,444
132987;69,444
133034;69,444
133069;69,444
133121;69,444
133154;69,444
133198;69,444
133236;69,444
133270;69,444
133303;69,444
133352;69,444
133386;69,444
133416;69,444
133447;69,444
133480;69,444
133529;69,444
133568;69,444
133599;69,444
133634;69,444
133681;69,444
133717;69,444
133752;69,444
133786;69,444
133834;69,444
133870;69,444
133902;69,444
133933;69,444
133966;69,444
134017;69,444
134057;69,444
134089;69,444
134127;69,444
134176;69,444
134211;69,444
134245;69,444
134279;69,444
134328;69,444
134364;69,444
134400;69,444
134433;69,444
134482;69,444
134517;69,444
134558;69,444
134589;69,444
134642;69,444
134677;69,444
134709;69,444
134742;69,444
134797;69,444
134832;69,444
134865;69,444
134898;69,444
134946;69,444
134981;69,444
135021;69,444
135052;69,444
135102;69,444
135136;69,444
135167;69,444
135202;69,444
135233;69,444
135281;69,444
135315;69,444
135346;69,444
135376;69,444
135412;69,444
135468;69,444
135506;69,444
135537;69,444
135567;69,444
135617;69,444
135653;69,444
135688;69,444
135723;69,444
135773;69,444
135808;69,444
135842;69,444
135876;69,444
135929;69,444
135967;69,444
136007;69,444
136040;69,444
136090;69,444
136125;69,444
136161;69,444
136192;69,444
136245;69,444
136278;69,444
136311;69,444
136341;69,444
136377;69,444
136427;69,444
136460;69,444
136505;69,444
136539;69,444
136584;69,444
136618;69,444
136651;69,444
136683;69,444
136719;69,444
136766;69,444
136798;69,444
136831;69,444
136865;69,444
136898;69,444
136951;69,444
136984;69,444
137015;69,444
137045;69,444
137086;69,444
137153;69,444
137196;69,444
137229;69,444
137263;69,444
137312;69,444
137346;69,444
137378;69,444
137411;69,444
137446;69,444
137498;69,444
137532;69,444
137567;69,444
137600;69,444
137654;69,444
137690;69,444
137724;69,444
137757;69,444
137809;69,444
137843;69,444
137876;69,444
137908;69,444
137963;69,444
138016;69,444
138047;69,444
138081;69,444
138132;69,444
138173;69,444
138210;69,444
138243;69,444
138291;69,444
138324;69,444
138358;69,444
138394;69,444
138451;69,444
138495;69,444
138531;69,444
138565;69,444
138614;69,444
138651;69,444
138687;69,444
138717;69,444
138764;69,444
138797;69,444
138832;69,444
138864;69,444
138897;69,444
138954;69,444
138991;69,444
139024;69,444
139055;69,444
139103;69,444
139136;69,444
139171;69,444
139204;69,444
139264;69,444
139315;69,444
139360;69,444
139409;69,444
139455;69,444
139506;69,444
139550;69,444
139603;69,444
139638;69,444
139671;69,444
139709;69,444
139760;69,444
139797;69,444
139835;69,444
139865;69,444
139914;69,444
139948;69,444
139980;69,444
140023;69,444
140080;69,444
140114;69,444
140147;69,444
140180;69,444
140238;69,444
140277;69,444
140318;69,444
140357;69,444
140410;69,444
140451;69,444
140488;69,444
140528;69,444
140586;69,444
140626;69,444
140668;69,444
140711;69,444
140764;69,444
140798;69,444
140835;69,444
140869;69,444
140918;69,444
140953;69,444
140987;69,444
141018;69,444
141061;69,444
141112;69,444
141146;69,444
141177;69,444
141209;69,444
141243;69,444
141301;69,444
141351;69,444
141400;69,444
141459;69,444
141490;69,444
141526;69,444
141573;69,444
141619;69,444
141657;69,444
141691;69,444
141723;69,444
141777;69,444
141812;69,444
141846;69,444
141876;69,444
141924;69,444
141957;69,444
141992;69,444
142021;69,444
142066;69,444
142124;69,444
142162;69,444
142199;69,444
142234;69,444
142286;69,444
142325;69,444
142363;69,444
142399;69,444
142452;69,444
142496;69,444
142536;69,444
142573;69,444
142622;69,444
142654;69,444
142688;69,444
142718;69,444
142757;69,444
142803;69,444
142838;69,444
142876;69,444
142910;69,444
142960;69,444
142992;69,444
143026;69,444
143063;69,444
143094;69,444
143148;69,444
143180;69,444
143211;69,444
143244;69,444
143298;69,444
143329;69,444
143375;69,444
143417;69,444
143478;69,444
143521;69,444
143562;69,444
143620;69,444
143686;69,444
143726;69,444
143764;69,444
143811;69,444
143874;69,444
143920;69,444
143965;69,444
144030;69,444
144076;69,444
144124;69,444
144190;69,444
144240;69,444
144283;69,444
144344;69,444
144392;69,444
144438;69,444
144504;69,444
144549;69,444
144595;69,444
144660;69,444
144708;69,444
144754;69,444
144816;69,444
144895;69,444
144956;69,444
145029;69,344
145072;69,244
145115;69,144
145173;69,04401
145213;68,94401
145249;68,84401
145287;68,74401
145347;68,64401
145391;68,54401
145427;68,44402
145462;68,34402
145515;68,24402
145553;68,14402
145593;68,04402
145632;67,94402
145683;67,84402
145720;67,74403
145755;67,64403
145794;67,54403
145844;67,44403
145881;67,34403
145921;67,24403
145955;67,14404
146001;67,04404
146036;66,94404
146076;66,84404
146118;66,74404
146171;66,64404
146213;66,54404
146258;66,44405
146293;66,34405
146344;66,24405
146386;66,14405
146429;66,04405
146472;65,94405
146529;65,84406
146563;65,74406
146605;65,64406
146645;65,54406
146704;65,44406
146745;65,34406
146786;65,24406
146823;65,14407
146878;65,09406
146923;65,04406
146967;64,99406
147003;64,94405
147053;64,89405
147090;64,84405
147125;64,79404
147160;64,74404
147218;64,69404
147253;64,64404
147292;64,59403
147333;64,54403
147388;64,49403
147431;64,44402
147468;64,39402
147498;64,34402
147556;64,29401
147587;64,24401
147618;64,19401
147654;64,144
147704;64,094
147738;64,044
147773;63,994
147807;63,944
147863;63,894
147899;63,844
147936;63,794
147967;63,744
148021;63,694
148056;63,644
148094;63,59401
148131;63,54401
148189;63,49401
148229;63,44401
148266;63,39401
148305;63,34401
148357;63,29401
148394;63,24401
148429;63,19401
148463;63,14401
148517;63,09401
148550;63,04401
148584;62,99401
148617;62,94402
148673;62,89402
148710;62,84402
148743;62,79402
148778;62,74402
148837;62,69402
148881;62,64402
148914;62,59402
148948;62,54402
149000;62,49402
149034;62,44402
149069;62,39402
149110;62,34402
149165;62,29403
149200;62,24403
149233;62,19403
149266;62,14403
149320;62,09403
149355;62,04403
149393;61,99403
149426;61,94403
149484;61,89403
149519;61,84403
149555;61,79403
149589;61,74403
149639;61,69403
149671;61,64404
149702;61,59404
149732;61,54404
149763;61,49404
149818;61,44404
149853;61,39404
149886;61,34404
149919;61,29404
149969;61,24404
150002;61,19404
150038;61,14404
150067;61,09404
150101;61,04404
150150;60,99405
150182;60,94405
150210;60,89405
150240;60,84405
150273;60,79405
150317;60,74405
150351;60,69405
150386;60,64405
150417;60,59405
150453;60,54405
150499;60,49405
150532;60,44405
150563;60,39405
150599;60,34406
150633;60,29406
150684;60,24406
150717;60,19406
150748;60,14406
150777;60,09406
150808;60,04406
150855;59,99406
150884;59,94406
150914;59,89406
150946;59,84406
150976;59,79406
151021;59,74406
151049;59,69407
151082;59,64407
151112;59,59407
151155;59,54407
151201;59,49407
151232;59,44407
151262;59,39407
151293;59,34407
151323;59,29407
151370;59,24407
151402;59,19407
151432;59,14407
151461;59,09407
151492;59,04408
151536;58,99408
151570;58,94408
151602;58,89408
151634;58,84408
151674;58,79408
151721;58,74408
151752;58,69408
151781;58,64408
151812;58,59408
151847;58,54408
151896;58,49408
151931;58,44408
151966;58,39408
151995;58,34409
152027;58,29409
152075;58,24409
152107;58,19409
152140;58,14409
152169;58,09409
152210;58,04409
152259;57,99409
152293;57,94409
152323;57,89409
152353;57,84409
152403;57,79409
152435;57,74409
152467;57,6941
152495;57,6441
152533;57,5941
152579;57,5441
152610;57,4941
152641;57,4441
152670;57,3941
152699;57,3441
152754;57,2941
152783;57,2441
152811;57,1941
152839;57,1441
152871;57,0941
152915;57,04411
152946;56,99411
152977;56,94411
153007;56,89411
153035;56,84411
153081;56,79411
153112;56,74411
153143;56,69411
153174;56,64411
153208;56,59411
153257;56,54411
153294;56,49411
153324;56,44411
153356;56,39412
153392;56,34412
153440;56,29412
153476;56,24412
153507;56,19412
153538;56,14412
153571;56,09412
153617;56,04412
153649;55,99412
153681;55,94412
153713;55,89412
153743;55,84412
153791;55,79412
153825;55,74413
153855;55,69413
153888;55,64413
153922;55,59413
153967;55,54413
154003;55,49413
154035;55,44413
154064;55,39413
154100;55,34413
154150;55,29413
154181;55,24413
154214;55,19413
154244;55,14413
154274;55,09414
154325;55,04414
154358;54,99414
154390;54,94414
154424;54,89414
154455;54,84414
154508;54,79414
154538;54,74414
154570;54,69414
154598;54,64414
154630;54,59414
154676;54,54414
154706;54,49414
154738;54,44415
154768;54,39415
154798;54,34415
154844;54,29415
154882;54,24415
154917;54,19415
154946;54,14415
154980;54,09415
155024;54,04415
155055;53,99415
155084;53,94415
155115;53,89415
155146;53,84415
155192;53,79416
155222;53,74416
155253;53,69416
155284;53,64416
155314;53,59416
155359;53,54416
155398;53,49416
155432;53,44416
155467;53,39416
155502;53,34416
155551;53,29416
155582;53,24416
155612;53,19416
155642;53,14417
155672;53,09417
155719;53,04417
155752;52,99417
155784;52,94417
155814;52,89417
155846;52,84417
155895;52,79417
155929;52,74417
155959;52,69417
155991;52,64417
156023;52,59417
156073;52,54417
156106;52,49417
156144;52,44418
156177;52,39418
156235;52,34418
156270;52,29418
156301;52,24418
156333;52,19418
156382;52,14418
156416;52,09418
156448;52,04418
156477;51,99418
156507;51,94418
156560;51,89418
156591;51,84418
156623;51,79419
156652;51,74419
156682;51,69419
156728;51,64419
156761;51,59419
156791;51,54419
156822;51,49419
156851;51,44419
156899;51,39419
156934;51,34419
156967;51,29419
156997;51,24419
157029;51,19419
157084;51,1442
157115;51,0942
157148;51,0442
157178;50,9942
157209;50,9442
157254;50,8942
157289;50,8442
157322;50,7942
157353;50,7442
157383;50,6942
157430;50,6442
157464;50,5942
157496;50,5442
157527;50,49421
157560;50,44421
157607;50,39421
157650;50,34421
157680;50,29421
157711;50,24421
157758;50,19421
157796;50,14421
157836;50,09421
157871;50,04421
157924;49,99421
157957;49,94421
157988;49,89421
158019;49,84422
158052;49,79422
158099;49,74422
158131;49,69422
158170;49,64422
158201;49,59422
158234;49,54422
158283;49,49422
158315;49,44422
158345;49,39422
158376;49,34422
158406;49,29422
158453;49,24422
158484;49,19423
158518;49,14423
158550;49,09423
158582;49,04423
158626;48,99423
158661;48,94423
158699;48,89423
158728;48,84423
158761;48,79423
158808;48,74423
158840;48,69423
158870;48,64423
158899;48,59423
158930;48,54424
158975;48,49424
159010;48,44424
159042;48,39424
159071;48,34424
159100;48,29424
159144;48,24424
159177;48,19424
159216;48,14424
159248;48,09424
159284;48,04424
159329;47,99424
159359;47,94424
159391;47,89425
159421;47,84425
159451;47,79425
159495;47,74425
159527;47,69425
159557;47,64425
159586;47,59425
159617;47,54425
159663;47,49425
159695;47,44425
159728;47,39425
159762;47,34425
159798;47,29425
159845;47,24426
159875;47,19426
159906;47,14426
159939;47,09426
159971;47,04426
160021;46,99426
160054;46,94426
160088;46,89426
160116;46,84426
160147;46,79426
160195;46,74426
160226;46,69426
160257;46,64426
160295;46,59426
160328;46,54427
160376;46,49427
160408;46,44427
160438;46,39427
160471;46,34427
160503;46,29427
160550;46,24427
160580;46,19427
160613;46,14427
160643;46,09427
160673;46,04427
160721;45,99427
160757;45,94427
160793;45,89428
160830;45,84428
160861;45,79428
160910;45,74428
160943;45,69428
160979;45,64428
161011;45,59428
161043;45,54428
161088;45,49428
161122;45,44428
161154;45,39428
161183;45,34428
161212;45,29428
161257;45,24429
161287;45,19429
161320;45,14429
161361;45,09429
161393;45,04429
161442;44,99429
161470;44,94429
161503;44,89429
161533;44,84429
161562;44,79429
161606;44,74429
161637;44,69429
161674;44,64429
161702;44,5943
161733;44,5443
161782;44,4943
161814;44,4443
161842;44,3943
161878;44,3443
161926;44,2943
161973;44,2443
162004;44,1943
162035;44,1443
162069;44,0943
162100;44,0443
162151;43,9943
162183;43,94431
162214;43,89431
162242;43,84431
162273;43,79431
162318;43,74431
162351;43,69431
162385;43,64431
162420;43,59431
162456;43,54431
162505;43,49431
162535;43,44431
162569;43,39431
162599;43,34431
162631;43,29432
162684;43,24432
162730;43,19432
162763;43,14432
162796;43,09432
162847;43,04432
162882;42,99432
162919;42,94432
162959;42,89432
163010;42,84432
163041;42,79432
163076;42,74432
163107;42,69432
163143;42,64433
163197;42,59433
163228;42,54433
163260;42,49433
163291;42,44433
163324;42,39433
163371;42,34433
163405;42,29433
163439;42,24433
163476;42,19433
163513;42,14433
163564;42,09433
163598;42,04433
163628;41,99434
163659;41,94434
163691;41,89434
163737;41,84434
163770;41,79434
163803;41,74434
163837;41,69434
163873;41,64434
163918;41,59434
163954;41,54434
163987;41,49434
164023;41,44434
164058;41,39434
164111;41,34435
164142;41,29435
164173;41,24435
164203;41,19435
164236;41,14435
164282;41,09435
164319;41,04435
164351;40,99435
164381;40,94435
164412;40,89435
164460;40,84435
164500;40,79435
164538;40,74435
164574;40,69436
164617;40,64436
164645;40,59436
164678;40,54436
164711;40,49436
164742;40,44436
164792;40,39436
164826;40,34436
164859;40,29436
164889;40,24436
164924;40,19436
164973;40,14436
165010;40,09436
165041;40,04436
165077;39,99437
165105;39,94437
165153;39,89437
165182;39,84437
165212;39,79437
165242;39,74437
165273;39,69437
165317;39,64437
165348;39,59437
165378;39,54437
165407;39,49437
165438;39,44437
165489;39,39437
165522;39,34438
165553;39,29438
165589;39,24438
165621;39,19438
165669;39,14438
165700;39,09438
165732;39,04438
165764;38,99438
165798;38,94438
165846;38,89438
165877;38,84438
165915;38,79438
165944;38,74438
165981;38,69439
166028;38,64439
166063;38,59439
166098;38,54439
166133;38,49439
166167;38,44439
166215;38,39439
166245;38,34439
166276;38,29439
166307;38,24439
166340;38,19439
166389;38,14439
166421;38,09439
166450;38,0444
166479;37,9944
166508;37,9444
166557;37,8944
166590;37,8444
166622;37,7944
166662;37,7444
166692;37,6944
166741;37,6444
166775;37,5944
166808;37,5444
166841;37,4944
166873;37,4444
166919;37,39441
166951;37,34441
166982;37,29441
167012;37,24441
167044;37,19441
167088;37,14441
167120;37,09441
167153;37,04441
167191;36,99441
167223;36,94441
167268;36,89441
167300;36,84441
167330;36,79441
167360;36,74442
167393;36,69442
167441;36,64442
167475;36,59442
167505;36,54442
167534;36,49442
167564;36,44442
167608;36,39442
167639;36,34442
167675;36,29442
167711;36,24442
167746;36,19442
167795;36,14442
167826;36,09443
167858;36,04443
167891;35,99443
167921;35,94443
167966;35,89443
168004;35,84443
168036;35,79443
168069;35,74443
168100;35,69443
168154;35,64443
168190;35,59443
168223;35,54443
168256;35,49443
168307;35,44444
168337;35,39444
168369;35,34444
168398;35,29444
168429;35,24444
168480;35,19444
168510;35,14444
168541;35,09444
168573;35,04444
168603;34,99444
168653;34,94444
168687;34,89444
168720;34,84444
168751;34,79445
168788;34,74445
168837;34,69445
168868;34,64445
168900;34,59445
168931;34,54445
168962;34,49445
169008;34,44445
169039;34,39445
169072;34,34445
169101;34,29445
169134;34,24445
169181;34,19445
169217;34,14445
169250;34,09446
169292;34,04446
169340;33,99446
169373;33,94446
169407;33,89446
169438;33,84446
169492;33,79446
169523;33,74446
169555;33,69446
169589;33,64446
169639;33,59446
169672;33,54446
169702;33,49446
169733;33,44447
169767;33,39447
169816;33,34447
169848;33,29447
169881;33,24447
169913;33,19447
169947;33,14447
169999;33,09447
170046;33,04447
170116;32,99447
170166;32,94447
170199;32,89447
170233;32,84447
170264;32,79448
170301;32,74448
170352;32,69448
170389;32,64448
170422;32,59448
170462;32,54448
170520;32,49448
170571;32,44448
170607;32,39448
170655;32,34448
170688;32,29448
170721;32,24448
170754;32,19448
170800;32,14449
170850;32,09449
170885;32,04449
170918;31,99449
170948;31,94449
170980;31,89449
171043;31,84449
171078;31,79449
171110;31,74449
171139;31,69449
171189;31,64449
171223;31,59449
171255;31,54449
171285;31,4945
171317;31,4445
171369;31,3945
171401;31,3445
171436;31,2945
171466;31,2445
171499;31,1945
171554;31,1445
171585;31,0945
171619;31,0445
171652;30,9945
171702;30,9445
171735;30,8945
171766;30,84451
171799;30,79451
171831;30,74451
171882;30,69451
171918;30,64451
171957;30,59451
171994;30,54451
172048;30,49451
172087;30,44451
172129;30,39451
172166;30,34451
172225;30,29451
172267;30,24451
172303;30,19452
172341;30,14452
172399;30,09452
172441;30,04452
172484;29,99452
172518;29,94452
172567;29,89452
172605;29,84452
172644;29,79452
172684;29,74452
172747;29,69452
172795;29,64452
172836;29,59452
172896;29,54453
172930;29,49453
172969;29,44453
173002;29,39453
173062;29,34453
173101;29,29453
173142;29,24453
173180;29,19453
173234;29,14453
173271;29,09453
173309;29,04453
173344;28,99453
173449;28,94453
173487;28,89454
173523;28,84454
173580;28,79454
173623;28,74454
173657;28,69454
173698;28,64454
173752;28,59454
173792;28,54454
173829;28,49454
173863;28,44454
173919;28,39454
173956;28,34454
173993;28,29454
174122;28,24454
174170;28,19455
174204;28,14455
174239;28,09455
174275;28,04455
174332;27,99455
174366;27,94455
174398;27,89455
174430;27,84455
174481;27,79455
174519;27,74455
174556;27,69455
174592;27,64455
174646;27,59455
174690;27,54456
174729;27,49456
174780;27,44456
174840;27,39456
174874;27,34456
174911;27,29456
174961;27,24456
175021;27,19456
175058;27,14456
175100;27,09456
175138;27,04456
175190;26,99456
175225;26,94456
175262;26,89457
175296;26,84457
175356;26,79457
175412;26,74457
175451;26,69457
175510;26,64457
175551;26,59457
175591;26,54457
175628;26,49457
175690;26,44457
175736;26,39457
175777;26,34457
175818;26,29457
175871;26,24458
175911;26,19458
175949;26,14458
175989;26,09458
176056;26,04458
176100;25,99458
176140;25,94458
176199;25,89458
176239;25,84458
176274;25,79458
176310;25,74458
176371;25,69458
176406;25,64458
176444;25,59459
176484;25,54459
176536;25,49459
176575;25,44459
176620;25,39459
176671;25,34459
176725;25,29459
176761;25,24459
176798;25,19459
176838;25,14459
176891;25,09459
176930;25,04459
176971;24,99459
177010;24,9446
177064;24,8946
177101;24,8446
177140;24,7946
177176;24,7446
177231;24,6946
177266;24,6446
177307;24,5946
177340;24,5446
177387;24,4946
177419;24,4446
177452;24,3946
177485;24,3446
177518;24,29461
177563;24,24461
177594;24,19461
177626;24,14461
177660;24,09461
177698;24,04461
177750;23,99461
177783;23,94461
177817;23,89461
177858;23,84461
177914;23,79461
177947;23,74461
177981;23,69461
178014;23,64462
178062;23,59462
178097;23,54462
178133;23,49462
178171;23,44462
178219;23,39462
178252;23,34462
178284;23,29462
178316;23,24462
178351;23,19462
178404;23,14462
178437;23,09462
178469;23,04462
178502;22,99463
178559;22,94463
178595;22,89463
178629;22,84463
178662;22,79463
178720;22,74463
178761;22,69463
178796;22,64463
178830;22,59463
178881;22,54463
178915;22,49463
178948;22,44463
178983;22,39463
179035;22,34464
179070;22,29464
179108;22,24464
179147;22,19464
179195;22,14464
179228;22,09464
179261;22,04464
179293;21,99464
179327;21,94464
179377;21,89464
179410;21,84464
179446;21,79464
179477;21,74464
179520;21,69464
179568;21,64465
179602;21,59465
179638;21,54465
179671;21,49465
179719;21,44465
179756;21,39465
179795;21,34465
179832;21,29465
179880;21,24465
179915;21,19465
179948;21,14465
179979;21,09465
180013;21,04465
180066;20,99466
180115;20,94466
180149;20,89466
180181;20,84466
180234;20,79466
180266;20,74466
180299;20,69466
180332;20,64466
180380;20,59466
180414;20,54466
180452;20,49466
180483;20,44466
180533;20,39466
180566;20,34467
180606;20,29467
180647;20,24467
180695;20,19467
180727;20,14467
180760;20,09467
180791;20,04467
180824;19,99467
180874;19,94467
180909;19,89467
180944;19,84467
180977;19,79467
181026;19,74467
181061;19,69468
181096;19,64468
181129;19,59468
181187;19,54468
181221;19,49468
181256;19,44468
181288;19,39468
181339;19,34468
181373;19,29468
181407;19,24468
181439;19,19468
181486;19,14468
181521;19,09468
181554;19,04469
181588;18,99469
181622;18,94469
181671;18,89469
181711;18,84469
181747;18,79469
181782;18,74469
181831;18,69469
181866;18,64469
181903;18,59469
181934;18,54469
181987;18,49469
182020;18,44469
182053;18,3947
182086;18,3447
182137;18,2947
182173;18,2447
182208;18,1947
182241;18,1447
182293;18,0947
182340;18,0447
182377;17,9947
182411;17,9447
182461;17,8947
182495;17,8447
182529;17,7947
182562;17,74471
182616;17,69471
182652;17,64471
182683;17,59471
182717;17,54471
182767;17,49471
182803;17,44471
182837;17,39471
182877;17,34471
182924;17,29471
182958;17,24471
182993;17,19471
183023;17,14471
183057;17,09472
183109;17,04472
183144;16,99472
183185;16,94472
183218;16,89472
183266;16,84472
183300;16,79472
183332;16,74472
183365;16,69472
183404;16,64472
183456;16,59472
183490;16,54472
183522;16,49472
183553;16,44473
183599;16,39473
183631;16,34473
183667;16,29473
183699;16,24473
183731;16,19473
183782;16,14473
183817;16,09473
183848;16,04473
183881;15,99473
183915;15,94473
183967;15,89473
184000;15,84473
184035;15,79473
184070;15,74473
184120;15,69473
184154;15,64473
184188;15,59473
184218;15,54473
184251;15,49473
184298;15,44473
184331;15,39473
184365;15,34473
184396;15,29473
184432;15,24473
184488;15,19473
184527;15,14473
184563;15,09473
184598;15,04473
184647;14,99473
184679;14,94473
184714;14,89473
184744;14,84473
184780;14,79473
184832;14,74473
184866;14,69473
184901;14,64473
184935;14,59473
184984;14,54473
185020;14,49473
185056;14,44473
185090;14,39472
185142;14,34472
185182;14,29472
185219;14,24472
185256;14,19472
185307;14,14472
185344;14,09472
185378;14,04472
185412;13,99472
185471;13,94472
185506;13,89472
185540;13,84472
185575;13,79472
185636;13,74472
185673;13,69472
185713;13,64472
185753;13,59472
185803;13,54472
185839;13,49472
185877;13,44472
185912;13,39472
185962;13,34472
186000;13,29472
186034;13,24472
186067;13,19472
186119;13,14472
186159;13,09472
186197;13,04472
186238;12,99472
186285;12,94472
186328;12,89472
186370;12,84472
186411;12,79472
186472;12,74472
186514;12,69472
186549;12,64472
186586;12,59472
186639;12,54472
186674;12,49472
186708;12,44472
186740;12,39472
186789;12,34472
186827;12,29472
186860;12,24472
186892;12,19472
186943;12,14472
186976;12,09472
187008;12,04472
187039;11,99472
187072;11,94472
187119;11,89472
187155;11,84472
187188;11,79471
187221;11,74471
187255;11,69471
187309;11,64471
187350;11,59471
187383;11,54471
187416;11,49471
187464;11,44471
187500;11,39471
187537;11,34471
187572;11,29471
187619;11,24471
187653;11,19471
187689;11,14471
187720;11,09471
187754;11,04471
187803;10,99471
187840;10,94471
187877;10,89471
187907;10,84471
187956;10,79471
187987;10,74471
188021;10,69471
188052;10,64471
188086;10,59471
188135;10,54471
188185;10,49471
188345;10,44471
193288;10,39471
193642;10,34471
193717;10,29471
193757;10,24471
193796;10,19471
193830;10,14471
193872;10,09471
193908;10,04471
193946;9,994708
193984;9,944708
194016;9,894708
194055;9,844707
194091;9,794707
194138;9,744707
194181;9,694707
194220;9,644707
194266;9,594707
194298;9,544706
194332;9,494706
194366;9,444706
194401;9,394706
194435;9,344706
194487;9,294705
194521;9,244705
194554;9,194705
194594;9,144705
194629;9,094705
194661;9,044704
194694;8,994704
194730;8,944704
194764;8,894704
194801;8,844704
194842;8,794703
194875;8,744703
194914;8,694703
194952;8,644703
194986;8,594703
195045;8,544703
195096;8,494702
195133;8,444702
195173;8,394702
195218;8,344702
195262;8,294702
195308;8,244701
195359;8,194701
195400;8,144701
195439;8,094701
195478;8,044701
195521;7,9947
195562;7,9447
195603;7,8947
195645;7,8447
195684;7,7947
195739;7,744699
195777;7,694699
195812;7,644699
195847;7,594699
195885;7,544699
195923;7,494699
195959;7,444698
195997;7,394698
196037;7,344698
196074;7,294698
196111;7,244698
196147;7,194697
196211;7,144697
196295;7,094697
196350;7,044697
196385;6,994697
196419;6,944696
196453;6,894696
196507;6,844696
196547;6,794696
196587;6,744696
196622;6,694695
196688;6,644695
196725;6,594695
196761;6,544695
196799;6,494695
196859;6,444695
196904;6,394694
196940;6,344694
196981;6,294694
197034;6,244694
197071;6,194694
197112;6,144693
197145;6,094693
197197;6,044693
197231;5,994693
197265;5,944693
197301;5,894692
197355;5,844692
197389;5,794692
197424;5,744692
197458;5,694692
197509;5,644691
197545;5,594691
197577;5,544691
197610;5,494691
197659;5,444691
197690;5,394691
197726;5,34469
197759;5,29469
197792;5,24469
197846;5,19469
197883;5,14469
197915;5,094689
197948;5,044689
198006;4,994689
198047;4,944689
198093;4,894689
198129;4,844688
198179;4,794688
198216;4,744688
198257;4,694688
198296;4,644688
198349;4,594687
198389;4,544687
198428;4,494687
198461;4,444687
198507;4,394687
198542;4,344687
198577;4,294686
198608;4,244686
198654;4,194686
198701;4,144686
198735;4,094686
198771;4,044685
198801;3,994685
198852;3,944685
198887;3,894686
198920;3,844686
198957;3,794686
199009;3,744686
199046;3,694686
199082;3,644686
199115;3,594686
199162;3,544686
199200;3,494686
199234;3,444686
199268;3,394686
199319;3,344686
199355;3,294686
199389;3,244686
199429;3,194686
199478;3,144686
199513;3,094686
199547;3,044686
199579;2,994686
199629;2,944686
199665;2,894686
199701;2,844687
199734;2,794687
199784;2,744687
199825;2,694687
199857;2,644687
199891;2,594687
199939;2,544687
199972;2,494687
200006;2,444687
200038;2,394687
200073;2,344687
200126;2,294687
200159;2,244687
200193;2,194687
200224;2,144687
200279;2,094687
200313;2,044687
200347;1,994687
200384;1,944687
200440;1,894687
200473;1,844687
200510;1,794688
200547;1,744688
200597;1,694688
200636;1,644688
200669;1,594688
200702;1,544688
200750;1,494688
200786;1,444688
200819;1,394688
200854;1,344688
200906;1,294688
200946;1,244688
200979;1,194688
201012;1,144688
201060;1,094688
201100;1,044688
201134;0,9946882
201167;0,9446882
201216;0,8946882
201251;0,8446882
201284;0,7946882
201314;0,