30;2,425038
49;2,425038
68;2,425038
92;2,425038
110;2,425038
131;2,425038
148;2,425038
168;2,425038
188;2,425038
206;2,425038
226;2,425038
246;2,425038
266;2,425038
288;2,425038
308;2,425038
328;2,425038
348;2,425038
367;2,425038
385;2,425038
403;2,425038
422;2,425038
445;2,425038
467;2,425038
494;2,425038
516;2,425038
541;2,425038
566;2,425038
587;2,425038
608;2,425038
630;2,425038
672;2,425038
712;2,425038
759;2,425038
817;2,425038
863;2,425038
909;2,425038
952;2,425038
990;2,425038
1023;2,425038
1059;2,425038
1095;2,425038
1132;2,425038
1166;2,425038
1197;2,425038
1238;2,425038
1274;2,425038
1313;2,425038
1353;2,425038
1392;2,425038
1424;2,425038
1460;2,425038
1497;2,425038
1533;2,425038
1591;2,425038
1639;2,425038
1683;2,425038
1724;2,425038
1768;2,425038
1806;2,425038
1848;2,425038
1889;2,425038
1930;2,425038
1971;2,425038
2007;2,425038
2047;2,425038
2086;2,425038
2123;2,425038
2177;2,425038
2218;2,425038
2264;2,425038
2321;2,425038
2375;2,425038
2432;2,425038
2482;2,425038
2521;2,425038
2566;2,425038
2606;2,425038
2643;2,425038
2682;2,425038
2721;2,425038
2764;2,425038
2805;2,425038
2847;2,425038
2887;2,425038
2932;2,425038
2973;2,425038
3015;2,425038
3056;2,425038
3090;2,425038
3128;2,425038
3168;2,425038
3204;2,425038
3236;2,425038
3279;2,425038
3318;2,425038
3357;2,425038
3402;2,425038
3438;2,425038
3477;2,425038
3522;2,425038
3593;2,425038
3655;2,425038
3722;2,425038
3775;2,425038
3821;2,425038
4052;2,425038
4138;2,425038
4189;2,425038
4245;2,425038
4309;2,425038
4363;2,425038
4438;2,425038
4503;2,425038
4589;2,425038
4655;2,425038
4726;2,425038
4818;2,425038
4870;2,425038
4939;2,425038
5035;2,425038
5106;2,425038
5176;2,425038
5241;2,425038
5305;2,425038
5363;2,425038
5410;2,425038
5457;2,425038
5503;2,425038
5554;2,425038
5603;2,425038
5643;2,425038
5690;2,425038
5737;2,425038
5786;2,425038
5833;2,425038
5883;2,425038
5930;2,425038
5973;2,425038
6020;2,425038
6069;2,425038
6116;2,425038
6161;2,425038
6204;2,425038
6254;2,425038
6303;2,425038
6347;2,425038
6394;2,425038
6442;2,425038
6492;2,425038
6535;2,425038
6582;2,425038
6638;2,425038
6688;2,425038
6739;2,425038
6784;2,425038
6828;2,425038
6876;2,425038
6923;2,425038
6966;2,425038
7012;2,425038
7061;2,425038
7111;2,425038
7169;2,425038
7222;2,425038
7274;2,425038
7322;2,425038
7369;2,425038
7418;2,425038
7469;2,425038
7529;2,425038
7581;2,425038
7633;2,425038
7679;2,425038
7724;2,425038
7764;2,425038
7812;2,425038
7857;2,425038
7902;2,425038
7954;2,425038
8017;2,425038
8064;2,425038
8128;2,425038
8200;2,425038
8327;2,425038
8398;2,425038
8473;2,425038
8540;2,425038
8639;2,425038
8733;2,425038
8823;2,425038
8888;2,425038
8964;2,425038
9039;2,425038
9117;2,425038
9182;2,425038
9240;2,425038
9308;2,425038
9357;2,425038
9443;2,425038
9513;2,425038
9595;2,425038
9673;2,425038
9775;2,425038
9867;2,425038
9963;2,425038
10070;2,425038
10169;2,425038
10351;2,425038
10447;2,425038
10553;2,425038
10648;2,425038
10723;2,425038
10839;2,425038
10921;2,425038
10984;2,425038
11046;2,425038
11117;2,425038
11191;2,425038
11259;2,425038
11342;2,425038
11408;2,425038
11444;2,425038
11482;2,425038
11516;2,425038
11579;2,425038
11631;2,425038
11692;2,425038
11760;2,425038
11863;2,425038
11936;2,425038
12006;2,425038
12175;2,425038
12275;2,425038
12346;2,425038
12417;2,425038
12466;2,425038
12523;2,425038
12579;2,425038
12650;2,425038
12734;2,425038
12960;2,425038
13058;2,425038
13133;2,425038
13207;2,425038
13260;2,425038
13317;2,425038
13407;2,425038
13476;2,425038
13557;2,425038
13639;2,425038
13690;2,425038
13749;2,425038
13824;2,425038
13883;2,425038
13937;2,425038
13979;2,425038
14018;2,425038
14056;2,425038
14110;2,425038
14192;2,425038
14243;2,425038
14297;2,425038
14343;2,425038
14388;2,425038
14462;2,425038
14555;2,425038
14623;2,425038
14684;2,425038
14738;2,425038
14789;2,425038
14860;2,425038
14917;2,425038
14985;2,425038
15031;2,425038
15078;2,425038
15127;2,425038
15177;2,425038
15219;2,425038
15264;2,425038
15309;2,425038
15360;2,425038
15410;2,425038
15461;2,425038
15520;2,425038
15574;2,425038
15682;2,425038
15726;2,425038
15782;2,425038
15829;2,425038
15875;2,425038
15919;2,425038
15997;2,425038
16047;2,425038
16098;2,425038
16147;2,425038
16193;2,425038
16242;2,425038
16315;2,425038
16373;2,425038
16441;2,425038
16490;2,425038
16545;2,425038
16597;2,425038
16647;2,425038
16759;2,425038
16804;2,425038
16846;2,425038
16888;2,425038
16929;2,425038
16966;2,425038
17011;2,425038
17062;2,425038
17103;2,425038
17143;2,425038
17179;2,425038
17214;2,425038
17252;2,425038
17287;2,425038
17323;2,425038
17355;2,425038
17389;2,425038
17422;2,425038
17465;2,425038
17502;2,425038
17539;2,425038
17570;2,425038
17601;2,425038
17636;2,425038
17671;2,425038
17706;2,425038
17746;2,425038
17785;2,425038
17822;2,425038
17854;2,425038
17892;2,425038
17923;2,425038
17954;2,425038
17986;2,425038
18020;2,425038
18062;2,425038
18100;2,425038
18135;2,425038
18172;2,425038
18205;2,425038
18242;2,425038
18278;2,425038
18313;2,425038
18349;2,425038
18384;2,425038
18422;2,425038
18458;2,425038
18489;2,425038
18523;2,425038
18562;2,425038
18595;2,425038
18635;2,425038
18674;2,425038
18709;2,425038
18747;2,425038
18784;2,425038
18820;2,425038
18857;2,425038
18895;2,425038
18933;2,425038
18971;2,425038
19004;2,425038
19038;2,425038
19072;2,425038
19111;2,425038
19148;2,425038
19181;2,425038
19222;2,425038
19262;2,425038
19298;2,425038
19330;2,425038
19360;2,425038
19393;2,425038
19426;2,425038
19459;2,425038
19493;2,425038
19525;2,425038
19558;2,425038
19596;2,425038
19630;2,425038
19661;2,425038
19697;2,425038
19733;2,425038
19769;2,425038
19812;2,425038
19849;2,425038
19888;2,425038
19928;2,425038
19966;2,425038
20001;2,425038
20031;2,425038
20064;2,425038
20099;2,425038
20134;2,425038
20170;2,425038
20205;2,425038
20240;2,425038
20275;2,425038
20312;2,425038
20346;2,425038
20379;2,425038
20418;2,425038
20453;2,425038
20489;2,425038
20523;2,425038
20561;2,425038
20594;2,425038
20629;2,425038
20663;2,425038
20700;2,425038
20735;2,425038
20773;2,425038
20802;2,425038
20830;2,425038
20861;2,425038
20892;2,425038
20920;2,425038
20953;2,425038
20999;2,425038
21030;2,425038
21059;2,425038
21087;2,425038
21116;2,425038
21143;2,425038
21170;2,425038
21199;2,425038
21227;2,425038
21255;2,425038
21283;2,425038
21312;2,425038
21340;2,425038
21367;2,425038
21393;2,425038
21423;2,425038
21459;2,425038
21490;2,425038
21519;2,425038
21548;2,425038
21575;2,425038
21602;2,425038
21632;2,425038
21660;2,425038
21688;2,425038
21715;2,425038
21743;2,425038
21770;2,425038
21799;2,425038
21827;2,425038
21857;2,425038
21884;2,425038
21914;2,425038
21945;2,425038
21974;2,425038
21999;2,425038
22029;2,425038
22058;2,425038
22086;2,425038
22115;2,425038
22141;2,425038
22171;2,425038
22199;2,425038
22228;2,425038
22258;2,425038
22288;2,425038
22316;2,425038
22348;2,425038
22378;2,425038
22407;2,425038
22443;2,425038
22471;2,425038
22498;2,425038
22527;2,425038
22555;2,425038
22584;2,425038
22612;2,425038
22638;2,425038
22666;2,425038
22696;2,425038
22726;2,425038
22754;2,425038
22780;2,425038
22810;2,425038
22843;2,425038
22871;2,425038
22906;2,425038
22938;2,425038
22966;2,425038
22996;2,425038
23023;2,425038
23054;2,425038
23081;2,425038
23112;2,425038
23142;2,425038
23170;2,425038
23197;2,425038
23226;2,425038
23255;2,425038
23284;2,425038
23312;2,425038
23342;2,425038
23371;2,425038
23403;2,425038
23432;2,425038
23462;2,425038
23493;2,425038
23521;2,425038
23551;2,425038
23579;2,425038
23608;2,425038
23638;2,425038
23666;2,425038
23698;2,425038
23727;2,425038
23756;2,425038
23788;2,425038
23821;2,425038
23853;2,425038
23884;2,425038
23921;2,425038
23952;2,425038
23985;2,425038
24019;2,425038
24051;2,425038
24085;2,425038
24114;2,425038
24146;2,425038
24177;2,425038
24209;2,425038
24244;2,425038
24281;2,425038
24313;2,425038
24343;2,425038
24377;2,425038
24412;2,425038
24451;2,425038
24481;2,425038
24508;2,425038
24548;2,425038
24579;2,425038
24626;2,425038
24664;2,425038
24694;2,425038
24724;2,425038
24758;2,425038
24795;2,425038
24835;2,425038
24873;2,425038
24908;2,425038
24941;2,425038
24970;2,425038
24998;2,425038
25031;2,425038
25058;2,425038
25085;2,425038
25118;2,425038
25148;2,425038
25174;2,425038
25203;2,425038
25230;2,425038
25258;2,425038
25288;2,425038
25316;2,425038
25348;2,425038
25380;2,425038
25408;2,425038
25439;2,425038
25470;2,425038
25498;2,425038
25539;2,425038
25570;2,425038
25603;2,425038
25633;2,425038
25662;2,425038
25690;2,425038
25720;2,425038
25747;2,425038
25773;2,425038
25803;2,425038
25836;2,425038
25869;2,425038
25905;2,425038
25937;2,425038
25970;2,425038
25997;2,425038
26030;2,425038
26058;2,425038
26088;2,425038
26116;2,425038
26145;2,425038
26172;2,425038
26204;2,425038
26234;2,425038
26260;2,425038
26287;2,425038
26317;2,425038
26348;2,425038
26376;2,425038
26403;2,425038
26435;2,425038
26463;2,425038
26494;2,425038
26521;2,425038
26550;2,425038
26578;2,425038
26603;2,425038
26636;2,425038
26665;2,425038
26693;2,425038
26720;2,425038
26750;2,425038
26778;2,425038
26804;2,425038
26835;2,425038
26863;2,425038
26892;2,425038
26917;2,425038
26946;2,425038
26984;2,425038
27013;2,425038
27041;2,425038
27075;2,425038
27101;2,425038
27132;2,425038
27160;2,425038
27188;2,425038
27217;2,425038
27243;2,425038
27272;2,425038
27301;2,425038
27333;2,425038
27362;2,425038
27391;2,425038
27428;2,425038
27467;2,425038
27503;2,425038
27536;2,425038
27572;2,425038
27601;2,425038
27631;2,425038
27662;2,425038
27691;2,425038
27719;2,425038
27749;2,425038
27779;2,425038
27814;2,425038
27842;2,425038
27871;2,425038
27899;2,425038
27926;2,425038
27960;2,425038
27990;2,425038
28020;2,425038
28054;2,425038
28084;2,425038
28116;2,425038
28146;2,425038
28178;2,425038
28212;2,425038
28242;2,425038
28274;2,425038
28301;2,425038
28331;2,425038
28361;2,425038
28391;2,425038
28419;2,425038
28446;2,425038
28482;2,425038
28510;2,425038
28537;2,425038
28564;2,425038
28599;2,425038
28628;2,425038
28655;2,425038
28684;2,425038
28718;2,425038
28745;2,425038
28775;2,425038
28804;2,425038
28833;2,425038
28862;2,425038
28893;2,425038
28921;2,425038
28953;2,425038
28980;2,425038
29009;2,425038
29037;2,425038
29065;2,425038
29094;2,425038
29122;2,425038
29156;2,425038
29183;2,425038
29211;2,425038
29237;2,425038
29263;2,425038
29293;2,425038
29321;2,425038
29349;2,425038
29378;2,425038
29408;2,425038
29437;2,425038
29464;2,425038
29492;2,425038
29520;2,425038
29550;2,425038
29578;2,425038
29610;2,425038
29639;2,425038
29669;2,425038
29701;2,425038
29728;2,425038
29760;2,425038
29793;2,425038
29820;2,425038
29851;2,425038
29885;2,425038
29919;2,425038
29959;2,425038
29992;2,425038
30023;2,425038
30052;2,425038
30081;2,425038
30113;2,425038
30145;2,425038
30175;2,425038
30204;2,425038
30239;2,425038
30274;2,425038
30308;2,425038
30338;2,425038
30372;2,425038
30408;2,425038
30445;2,425038
30477;2,425038
30509;2,425038
30542;2,425038
30577;2,425038
30609;2,425038
30644;2,425038
30673;2,425038
30702;2,425038
30732;2,425038
30761;2,425038
30790;2,425038
30821;2,425038
30851;2,425038
30882;2,425038
30910;2,425038
30941;2,425038
30972;2,425038
31004;2,425038
31045;2,425038
31090;2,425038
31137;2,425038
31167;2,425038
31201;2,425038
31231;2,425038
31259;2,425038
31292;2,425038
31322;2,425038
31349;2,425038
31377;2,425038
31407;2,425038
31438;2,425038
31483;2,425038
31523;2,425038
31560;2,425038
31599;2,425038
31632;2,425038
31665;2,425038
31697;2,425038
31728;2,425038
31758;2,425038
31786;2,425038
31815;2,425038
31846;2,425038
31876;2,425038
31903;2,425038
31930;2,425038
31958;2,425038
31998;2,425038
32029;2,425038
32060;2,425038
32095;2,425038
32124;2,425038
32153;2,425038
32181;2,425038
32210;2,425038
32239;2,425038
32268;2,425038
32295;2,425038
32324;2,425038
32353;2,425038
32380;2,425038
32408;2,425038
32437;2,425038
32471;2,425038
32505;2,425038
32536;2,425038
32569;2,425038
32597;2,425038
32626;2,425038
32656;2,425038
32685;2,425038
32712;2,425038
32741;2,425038
32769;2,425038
32799;2,425038
32829;2,425038
32859;2,425038
32886;2,425038
32913;2,425038
32943;2,425038
32978;2,425038
33008;2,425038
33035;2,425038
33065;2,425038
33093;2,425038
33120;2,425038
33149;2,425038
33176;2,425038
33204;2,425038
33234;2,425038
33266;2,425038
33294;2,425038
33320;2,425038
33349;2,425038
33377;2,425038
33403;2,425038
33435;2,425038
33469;2,425038
33499;2,425038
33529;2,425038
33560;2,425038
33591;2,425038
33620;2,425038
33648;2,425038
33674;2,425038
33704;2,425038
33735;2,425038
33766;2,425038
33795;2,425038
33823;2,425038
33851;2,425038
33887;2,425038
33921;2,425038
33952;2,425038
33980;2,425038
34011;2,425038
34046;2,425038
34079;2,425038
34111;2,425038
34142;2,425038
34173;2,425038
34200;2,425038
34232;2,425038
34263;2,425038
34292;2,425038
34322;2,425038
34351;2,425038
34382;2,425038
34416;2,425038
34453;2,425038
34489;2,425038
34517;2,425038
34547;2,425038
34590;2,425038
34626;2,425038
34658;2,425038
34689;2,425038
34722;2,425038
34757;2,425038
34794;2,425038
34830;2,425038
34869;2,425038
34908;2,425038
34946;2,425038
34988;2,425038
35032;2,425038
35061;2,425038
35091;2,425038
35120;2,425038
35153;2,425038
35183;2,425038
35211;2,425038
35238;2,425038
35269;2,425038
35306;2,425038
35337;2,425038
35367;2,425038
35408;2,425038
35442;2,425038
35476;2,425038
35516;2,425038
35544;2,425038
35577;2,425038
35605;2,425038
35632;2,425038
35660;2,425038
35689;2,425038
35718;2,425038
35745;2,425038
35775;2,425038
35810;2,425038
35842;2,425038
35876;2,425038
35911;2,425038
35945;2,425038
35977;2,425038
36012;2,425038
36047;2,425038
36079;2,425038
36116;2,425038
36153;2,425038
36184;2,425038
36218;2,425038
36255;2,425038
36293;2,425038
36324;2,425038
36359;2,425038
36389;2,425038
36417;2,425038
36453;2,425038
36484;2,425038
36518;2,425038
36550;2,425038
36579;2,425038
36611;2,425038
36650;2,425038
36681;2,425038
36716;2,425038
36752;2,425038
36787;2,425038
36819;2,425038
36849;2,425038
36876;2,425038
36905;2,425038
36932;2,425038
36959;2,425038
36991;2,425038
37019;2,425038
37048;2,425038
37074;2,425038
37101;2,425038
37137;2,425038
37163;2,425038
37193;2,425038
37222;2,425038
37251;2,425038
37281;2,425038
37313;2,425038
37350;2,425038
37381;2,425038
37410;2,425038
37439;2,425038
37467;2,425038
37496;2,425038
37528;2,425038
37563;2,425038
37592;2,425038
37621;2,425038
37662;2,425038
37699;2,425038
37731;2,425038
37763;2,425038
37793;2,425038
37826;2,425038
37858;2,425038
37891;2,425038
37919;2,425038
37948;2,425038
37979;2,425038
38005;2,425038
38035;2,425038
38066;2,425038
38096;2,425038
38123;2,425038
38161;2,425038
38187;2,425038
38214;2,425038
38242;2,425038
38272;2,425038
38301;2,425038
38337;2,425038
38364;2,425038
38401;2,425038
38431;2,425038
38458;2,425038
38486;2,425038
38514;2,425038
38541;2,425038
38570;2,425038
38597;2,425038
38628;2,425038
38656;2,425038
38687;2,425038
38718;2,425038
38747;2,425038
38777;2,425038
38805;2,425038
38844;2,425038
38877;2,425038
38912;2,425038
38943;2,425038
38977;2,425038
39004;2,425038
39034;2,425038
39067;2,425038
39095;2,425038
39127;2,425038
39161;2,425038
39193;2,425038
39225;2,425038
39255;2,425038
39283;2,425038
39313;2,425038
39348;2,425038
39379;2,425038
39414;2,425038
39443;2,425038
39475;2,425038
39503;2,425038
39533;2,425038
39561;2,425038
39592;2,425038
39619;2,425038
39651;2,425038
39682;2,425038
39712;2,425038
39740;2,425038
39768;2,425038
39800;2,425038
39838;2,425038
39868;2,425038
39899;2,425038
39928;2,425038
39957;2,425038
39990;2,425038
40019;2,425038
40051;2,425038
40082;2,425038
40110;2,425038
40140;2,425038
40168;2,425038
40197;2,425038
40226;2,425038
40253;2,425038
40281;2,425038
40308;2,425038
40345;2,425038
40377;2,425038
40409;2,425038
40438;2,425038
40466;2,425038
40496;2,425038
40523;2,425038
40551;2,425038
40583;2,425038
40612;2,425038
40647;2,425038
40678;2,425038
40707;2,425038
40737;2,425038
40764;2,425038
40792;2,425038
40823;2,425038
40856;2,425038
40889;2,425038
40918;2,425038
40945;2,425038
40977;2,425038
41009;2,425038
41043;2,425038
41070;2,425038
41098;2,425038
41139;2,425038
41178;2,425038
41213;2,425038
41246;2,425038
41277;2,425038
41314;2,425038
41349;2,425038
41380;2,425038
41411;2,425038
41440;2,425038
41469;2,425038
41498;2,425038
41526;2,425038
41553;2,425038
41579;2,425038
41613;2,425038
41648;2,425038
41678;2,425038
41716;2,425038
41744;2,425038
41776;2,425038
41807;2,425038
41840;2,425038
41876;2,425038
41904;2,425038
41938;2,425038
41970;2,425038
42001;2,425038
42030;2,425038
42057;2,425038
42084;2,425038
42111;2,425038
42140;2,425038
42180;2,425038
42212;2,425038
42241;2,425038
42270;2,425038
42297;2,425038
42326;2,425038
42353;2,425038
42389;2,425038
42416;2,425038
42451;2,425038
42479;2,425038
42509;2,425038
42536;2,425038
42562;2,425038
42590;2,425038
42621;2,425038
42653;2,425038
42682;2,425038
42710;2,425038
42741;2,425038
42769;2,425038
42799;2,425038
42827;2,425038
42859;2,425038
42891;2,425038
42924;2,425038
42956;2,425038
42988;2,425038
43018;2,425038
43048;2,425038
43075;2,425038
43107;2,425038
43142;2,425038
43172;2,425038
43202;2,425038
43239;2,425038
43278;2,425038
43316;2,425038
43348;2,425038
43386;2,425038
43415;2,425038
43448;2,425038
43481;2,425038
43515;2,425038
43547;2,425038
43580;2,425038
43615;2,425038
43649;2,425038
43681;2,425038
43728;2,425038
43764;2,425038
43796;2,425038
43821;2,425038
43853;2,425038
43888;2,425038
43917;2,425038
43954;2,425038
43988;2,425038
44021;2,425038
44049;2,425038
44078;2,425038
44109;2,425038
44137;2,425038
44167;2,425038
44194;2,425038
44230;2,425038
44259;2,425038
44286;2,425038
44316;2,425038
44346;2,425038
44372;2,425038
44401;2,425038
44435;2,425038
44463;2,425038
44499;2,425038
44529;2,425038
44558;2,425038
44586;2,425038
44613;2,425038
44642;2,425038
44671;2,425038
44703;2,425038
44736;2,425038
44764;2,425038
44794;2,425038
44822;2,425038
44852;2,425038
44880;2,425038
44918;2,425038
44950;2,425038
44981;2,425038
45010;2,425038
45043;2,425038
45076;2,425038
45106;2,425038
45135;2,425038
45163;2,425038
45191;2,425038
45229;2,425038
45261;2,425038
45291;2,425038
45325;2,425038
45368;2,425038
45416;2,425038
45459;2,425038
45491;2,425038
45527;2,425038
45557;2,425038
45586;2,425038
45616;2,425038
45649;2,425038
45682;2,425038
45710;2,425038
45740;2,425038
45775;2,425038
45800;2,425038
45833;2,425038
45861;2,425038
45895;2,425038
45927;2,425038
45958;2,425038
45986;2,425038
46017;2,425038
46051;2,425038
46080;2,425038
46110;2,425038
46140;2,425038
46173;2,425038
46202;2,425038
46240;2,425038
46269;2,425038
46299;2,425038
46329;2,425038
46358;2,425038
46384;2,425038
46415;2,425038
46448;2,425038
46476;2,425038
46510;2,425038
46537;2,425038
46565;2,425038
46595;2,425038
46622;2,425038
46649;2,425038
46680;2,425038
46710;2,425038
46746;2,425038
46774;2,425038
46801;2,425038
46829;2,425038
46864;2,425038
46893;2,425038
46923;2,425038
46955;2,425038
46988;2,425038
47020;2,425038
47049;2,425038
47081;2,425038
47112;2,425038
47139;2,425038
47168;2,425038
47195;2,425038
47230;2,425038
47261;2,425038
47289;2,425038
47317;2,425038
47345;2,425038
47373;2,425038
47399;2,425038
47430;2,425038
47463;2,425038
47494;2,425038
47527;2,425038
47559;2,425038
47589;2,425038
47619;2,425038
47653;2,425038
47681;2,425038
47714;2,425038
47745;2,425038
47772;2,425038
47802;2,425038
47828;2,425038
47858;2,425038
47886;2,425038
47914;2,425038
47948;2,425038
47978;2,425038
48008;2,425038
48036;2,425038
48068;2,425038
48096;2,425038
48131;2,425038
48170;2,425038
48206;2,425038
48256;2,425038
48285;2,425038
48317;2,425038
48347;2,425038
48377;2,425038
48409;2,425038
48442;2,425038
48473;2,425038
48508;2,425038
48537;2,425038
48567;2,425038
48593;2,425038
48625;2,425038
48652;2,425038
48680;2,425038
48707;2,425038
48738;2,425038
48765;2,425038
48794;2,425038
48824;2,425038
48852;2,425038
48883;2,425038
48910;2,425038
48942;2,425038
48977;2,425038
49010;2,425038
49043;2,425038
49073;2,425038
49105;2,425038
49132;2,425038
49165;2,425038
49199;2,425038
49227;2,425038
49255;2,425038
49286;2,425038
49314;2,425038
49342;2,425038
49371;2,425038
49398;2,425038
49426;2,425038
49465;2,425038
49493;2,425038
49526;2,425038
49566;2,425038
49605;2,425038
49633;2,425038
49663;2,425038
49697;2,425038
49741;2,425038
49773;2,425038
49801;2,425038
49830;2,425038
49859;2,425038
49890;2,425038
49922;2,425038
49958;2,425038
49990;2,425038
50020;2,425038
50048;2,425038
50075;2,425038
50104;2,425038
50134;2,425038
50161;2,425038
50193;2,425038
50230;2,425038
50262;2,425038
50295;2,425038
50330;2,425038
50363;2,425038
50394;2,425038
50421;2,425038
50457;2,425038
50486;2,425038
50517;2,425038
50549;2,425038
50582;2,425038
50610;2,425038
50639;2,425038
50669;2,425038
50697;2,425038
50729;2,425038
50757;2,425038
50785;2,425038
50812;2,425038
50844;2,425038
50878;2,425038
50910;2,425038
50943;2,425038
50979;2,425038
51009;2,425038
51048;2,425038
51078;2,425038
51111;2,425038
51143;2,425038
51177;2,425038
51209;2,425038
51244;2,425038
51278;2,425038
51309;2,425038
51339;2,425038
51370;2,425038
51399;2,425038
51433;2,425038
51464;2,425038
51499;2,425038
51536;2,425038
51564;2,425038
51596;2,425038
51633;2,425038
51671;2,425038
51721;2,425038
51764;2,425038
51810;2,425038
51851;2,425038
51892;2,425038
51933;2,425038
51969;2,425038
51999;2,425038
52029;2,425038
52059;2,425038
52086;2,425038
52116;2,425038
52143;2,425038
52170;2,425038
52198;2,425038
52228;2,425038
52257;2,425038
52285;2,425038
52328;2,425038
52358;2,425038
52391;2,425038
52423;2,425038
52453;2,425038
52491;2,425038
52524;2,425038
52558;2,425038
52589;2,425038
52616;2,425038
52646;2,425038
52674;2,425038
52703;2,425038
52741;2,425038
52773;2,425038
52801;2,425038
52838;2,425038
52875;2,425038
52905;2,425038
52938;2,425038
52971;2,425038
53006;2,425038
53035;2,425038
53065;2,425038
53096;2,425038
53136;2,425038
53172;2,425038
53205;2,425038
53237;2,425038
53271;2,425038
53301;2,425038
53332;2,425038
53371;2,425038
53399;2,425038
53430;2,425038
53457;2,425038
53495;2,425038
53530;2,425038
53558;2,425038
53589;2,425038
53618;2,425038
53648;2,425038
53678;2,425038
53706;2,425038
53739;2,425038
53769;2,425038
53794;2,425038
53826;2,425038
53856;2,425038
53885;2,425038
53913;2,425038
53941;2,425038
53973;2,425038
54006;2,425038
54037;2,425038
54066;2,425038
54092;2,425038
54121;2,425038
54151;2,425038
54185;2,425038
54213;2,425038
54242;2,425038
54271;2,425038
54308;2,425038
54336;2,425038
54368;2,425038
54404;2,425038
54437;2,425038
54470;2,425038
54503;2,425038
54536;2,425038
54568;2,425038
54599;2,425038
54630;2,425038
54658;2,425038
54688;2,425038
54717;2,425038
54751;2,425038
54781;2,425038
54826;2,425038
54869;2,425038
54905;2,425038
54944;2,425038
54973;2,425038
55003;2,425038
55044;2,425038
55079;2,425038
55111;2,425038
55143;2,425038
55176;2,425038
55206;2,425038
55233;2,425038
55266;2,425038
55293;2,425038
55326;2,425038
55355;2,425038
55385;2,425038
55415;2,425038
55441;2,425038
55476;2,425038
55506;2,425038
55537;2,425038
55567;2,425038
55598;2,425038
55626;2,425038
55656;2,425038
55684;2,425038
55714;2,425038
55742;2,425038
55773;2,425038
55816;2,425038
55854;2,425038
55886;2,425038
55918;2,425038
55951;2,425038
55990;2,425038
56026;2,425038
56059;2,425038
56096;2,425038
56131;2,425038
56163;2,425038
56196;2,425038
56230;2,425038
56264;2,425038
56296;2,425038
56334;2,425038
56372;2,425038
56409;2,425038
56448;2,425038
56486;2,425038
56521;2,425038
56550;2,425038
56580;2,425038
56612;2,425038
56638;2,425038
56667;2,425038
56698;2,425038
56729;2,425038
56758;2,425038
56789;2,425038
56818;2,425038
56850;2,425038
56879;2,425038
56911;2,425038
56942;2,425038
56971;2,425038
57003;2,425038
57031;2,425038
57064;2,425038
57093;2,425038
57119;2,425038
57151;2,425038
57177;2,425038
57204;2,425038
57235;2,425038
57265;2,425038
57294;2,425038
57334;2,425038
57361;2,425038
57393;2,425038
57427;2,425038
57458;2,425038
57493;2,425038
57526;2,425038
57555;2,425038
57583;2,425038
57610;2,425038
57638;2,425038
57666;2,425038
57694;2,425038
57722;2,425038
57749;2,425038
57786;2,425038
57815;2,425038
57843;2,425038
57881;2,425038
57920;2,425038
57961;2,425038
58009;2,425038
58060;2,425038
58102;2,425038
58144;2,425038
58185;2,425038
58221;2,425038
58251;2,425038
58281;2,425038
58317;2,425038
58357;2,425038
58390;2,425038
58420;2,425038
58453;2,425038
58490;2,425038
58524;2,425038
58560;2,425038
58595;2,425038
58622;2,425038
58649;2,425038
58679;2,425038
58706;2,425038
58734;2,425038
58763;2,425038
58791;2,425038
58821;2,425038
58859;2,425038
58892;2,425038
58939;2,425038
58979;2,425038
59026;2,425038
59062;2,425038
59089;2,425038
59124;2,425038
59164;2,425038
59200;2,425038
59234;2,425038
59266;2,425038
59296;2,425038
59326;2,425038
59358;2,425038
59389;2,425038
59417;2,425038
59445;2,425038
59474;2,425038
59510;2,425038
59542;2,425038
59574;2,425038
59603;2,425038
59633;2,425038
59661;2,425038
59690;2,425038
59719;2,425038
59750;2,425038
59780;2,425038
59810;2,425038
59841;2,425038
59868;2,425038
59902;2,425038
59929;2,425038
59962;2,425038
59995;2,425038
60025;2,425038
60057;2,425038
60087;2,425038
60114;2,425038
60144;2,425038
60171;2,425038
60200;2,425038
60235;2,425038
60261;2,425038
60295;2,425038
60331;2,425038
60362;2,425038
60392;2,425038
60425;2,425038
60455;2,425038
60491;2,425038
60525;2,425038
60561;2,425038
60591;2,425038
60620;2,425038
60653;2,425038
60685;2,425038
60718;2,425038
60750;2,425038
60778;2,425038
60817;2,425038
60850;2,425038
60878;2,425038
60910;2,425038
60940;2,425038
60970;2,425038
61017;2,425038
61062;2,425038
61100;2,425038
61141;2,425038
61178;2,425038
61219;2,425038
61249;2,425038
61278;2,425038
61316;2,425038
61355;2,425038
61390;2,425038
61419;2,425038
61447;2,425038
61476;2,425038
61515;2,425038
61545;2,425038
61573;2,425038
61601;2,425038
61630;2,425038
61659;2,425038
61691;2,425038
61722;2,425038
61749;2,425038
61781;2,425038
61811;2,425038
61854;2,425038
61884;2,425038
61915;2,425038
61947;2,425038
61974;2,425038
62005;2,425038
62041;2,425038
62072;2,425038
62103;2,425038
62132;2,425038
62163;2,425038
62190;2,425038
62219;2,425038
62246;2,425038
62274;2,425038
62307;2,425038
62336;2,425038
62366;2,425038
62396;2,425038
62428;2,425038
62457;2,425038
62486;2,425038
62520;2,425038
62554;2,425038
62582;2,425038
62615;2,425038
62644;2,425038
62672;2,425038
62701;2,425038
62730;2,425038
62768;2,425038
62798;2,425038
62827;2,425038
62855;2,425038
62885;2,425038
62915;2,425038
62945;2,425038
62973;2,425038
63003;2,425038
63041;2,425038
63076;2,425038
63115;2,425038
63165;2,425038
63207;2,425038
63236;2,425038
63268;2,425038
63314;2,425038
63352;2,425038
63391;2,425038
63427;2,425038
63456;2,425038
63485;2,425038
63517;2,425038
63553;2,425038
63586;2,425038
63617;2,425038
63653;2,425038
63682;2,425038
63713;2,425038
63742;2,425038
63783;2,425038
63815;2,425038
63846;2,425038
63878;2,425038
63911;2,425038
63941;2,425038
63971;2,425038
63999;2,425038
64038;2,425038
64068;2,425038
64100;2,425038
64132;2,425038
64164;2,425038
64194;2,425038
64223;2,425038
64259;2,425038
64287;2,425038
64315;2,425038
64344;2,425038
64372;2,425038
64399;2,425038
64427;2,425038
64455;2,425038
64489;2,425038
64519;2,425038
64556;2,425038
64591;2,425038
64616;2,425038
64649;2,425038
64677;2,425038
64706;2,425038
64741;2,425038
64773;2,425038
64800;2,425038
64831;2,425038
64865;2,425038
64897;2,425038
64928;2,425038
64959;2,425038
64989;2,425038
65017;2,425038
65052;2,425038
65081;2,425038
65113;2,425038
65143;2,425038
65170;2,425038
65207;2,425038
65238;2,425038
65268;2,425038
65298;2,425038
65330;2,425038
65360;2,425038
65389;2,425038
65420;2,425038
65454;2,425038
65487;2,425038
65532;2,425038
65581;2,425038
65631;2,425038
65662;2,425038
65698;2,425038
65743;2,425038
65774;2,425038
65803;2,425038
65837;2,425038
65865;2,425038
65894;2,425038
65921;2,425038
65952;2,425038
65980;2,425038
66011;2,425038
66046;2,425038
66078;2,425038
66112;2,425038
66141;2,425038
66171;2,425038
66199;2,425038
66239;2,425038
66268;2,425038
66297;2,425038
66328;2,425038
66370;2,425038
66411;2,425038
66453;2,425038
66482;2,425038
66515;2,425038
66546;2,425038
66585;2,425038
66617;2,425038
66651;2,425038
66683;2,425038
66714;2,425038
66755;2,425038
66793;2,425038
66835;2,425038
66873;2,425038
66901;2,425038
66934;2,425038
66967;2,425038
66997;2,425038
67034;2,425038
67072;2,425038
67114;2,425038
67153;2,425038
67182;2,425038
67210;2,425038
67239;2,425038
67275;2,425038
67306;2,425038
67337;2,425038
67368;2,425038
67404;2,425038
67450;2,425038
67480;2,425038
67511;2,425038
67550;2,425038
67586;2,425038
67622;2,425038
67659;2,425038
67688;2,425038
67718;2,425038
67747;2,425038
67778;2,425038
67816;2,425038
67848;2,425038
67881;2,425038
67909;2,425038
67937;2,425038
67968;2,425038
67998;2,425038
68032;2,425038
68064;2,425038
68100;2,425038
68139;2,425038
68178;2,425038
68210;2,425038
68242;2,425038
68281;2,425038
68322;2,425038
68354;2,425038
68383;2,425038
68416;2,425038
68446;2,425038
68480;2,425038
68515;2,425038
68551;2,425038
68585;2,425038
68618;2,425038
68651;2,425038
68679;2,425038
68708;2,425038
68738;2,425038
68770;2,425038
68803;2,425038
68834;2,425038
68864;2,425038
68893;2,425038
68921;2,425038
68956;2,425038
68984;2,425038
69014;2,425038
69052;2,425038
69086;2,425038
69118;2,425038
69148;2,425038
69180;2,425038
69209;2,425038
69237;2,425038
69270;2,425038
69311;2,425038
69343;2,425038
69376;2,425038
69405;2,425038
69436;2,425038
69463;2,425038
69497;2,425038
69539;2,425038
69570;2,425038
69605;2,425038
69636;2,425038
69672;2,425038
69701;2,425038
69733;2,425038
69761;2,425038
69796;2,425038
69827;2,425038
69860;2,425038
69892;2,425038
69920;2,425038
69950;2,425038
69980;2,425038
70010;2,425038
70052;2,425038
70084;2,425038
70116;2,425038
70148;2,425038
70177;2,425038
70209;2,425038
70247;2,425038
70277;2,425038
70308;2,425038
70338;2,425038
70367;2,425038
70398;2,425038
70425;2,425038
70457;2,425038
70491;2,425038
70525;2,425038
70568;2,425038
70620;2,425038
70664;2,425038
70704;2,425038
70745;2,425038
70789;2,425038
70846;2,425038
70888;2,425038
70928;2,425038
70970;2,425038
71008;2,425038
71048;2,425038
71091;2,425038
71126;2,425038
71163;2,425038
71199;2,425038
71246;2,425038
71280;2,425038
71324;2,425038
71357;2,425038
71394;2,425038
71444;2,425038
71484;2,425038
71518;2,425038
71551;2,425038
71593;2,425038
71629;2,425038
71666;2,425038
71707;2,425038
71741;2,425038
71789;2,425038
71830;2,425038
71875;2,425038
71921;2,425038
71958;2,425038
72009;2,425038
72045;2,425038
72085;2,425038
72132;2,425038
72180;2,425038
72225;2,425038
72270;2,425038
72307;2,425038
72337;2,425038
72370;2,425038
72404;2,425038
72437;2,425038
72469;2,425038
72497;2,425038
72525;2,425038
72559;2,425038
72610;2,425038
72653;2,425038
72692;2,425038
72731;2,425038
72770;2,425038
72808;2,425038
72845;2,425038
72874;2,425038
72903;2,425038
72932;2,425038
72969;2,425038
73000;2,425038
73031;2,425038
73068;2,425038
73096;2,425038
73137;2,425038
73178;2,425038
73219;2,425038
73255;2,425038
73290;2,425038
73327;2,425038
73357;2,425038
73388;2,425038
73421;2,425038
73453;2,425038
73485;2,425038
73513;2,425038
73546;2,425038
73577;2,425038
73624;2,425038
73669;2,425038
73703;2,425038
73743;2,425038
73785;2,425038
73824;2,425038
73865;2,425038
73899;2,425038
73928;2,425038
73955;2,425038
73985;2,425038
74015;2,425038
74050;2,425038
74091;2,425038
74126;2,425038
74158;2,425038
74193;2,425038
74231;2,425038
74260;2,425038
74291;2,425038
74321;2,425038
74350;2,425038
74378;2,425038
74409;2,425038
74438;2,425038
74466;2,425038
74495;2,425038
74525;2,425038
74553;2,425038
74583;2,425038
74613;2,425038
74651;2,425038
74681;2,425038
74717;2,425038
74746;2,425038
74773;2,425038
74803;2,425038
74830;2,425038
74857;2,425038
74887;2,425038
74921;2,425038
74953;2,425038
74980;2,425038
75007;2,425038
75036;2,425038
75065;2,425038
75098;2,425038
75134;2,425038
75169;2,425038
75203;2,425038
75234;2,425038
75264;2,425038
75296;2,425038
75324;2,425038
75352;2,425038
75381;2,425038
75412;2,425038
75442;2,425038
75472;2,425038
75500;2,425038
75527;2,425038
75572;2,425038
75607;2,425038
75638;2,425038
75668;2,425038
75699;2,425038
75731;2,425038
75759;2,425038
75792;2,425038
75819;2,425038
75848;2,425038
75875;2,425038
75901;2,425038
75932;2,425038
75963;2,425038
75990;2,425038
76025;2,425038
76053;2,425038
76083;2,425038
76117;2,425038
76149;2,425038
76182;2,425038
76210;2,425038
76237;2,425038
76266;2,425038
76293;2,425038
76320;2,425038
76351;2,425038
76382;2,425038
76412;2,425038
76442;2,425038
76483;2,425038
76513;2,425038
76542;2,425038
76572;2,425038
76602;2,425038
76636;2,425038
76668;2,425038
76698;2,425038
76727;2,425038
76756;2,425038
76783;2,425038
76815;2,425038
76843;2,425038
76872;2,425038
76898;2,425038
76940;2,425038
76972;2,425038
77003;2,425038
77030;2,425038
77056;2,425038
77086;2,425038
77123;2,425038
77158;2,425038
77191;2,425038
77222;2,425038
77251;2,425038
77283;2,425038
77312;2,425038
77340;2,425038
77368;2,425038
77406;2,425038
77435;2,425038
77462;2,425038
77490;2,425038
77522;2,425038
77555;2,425038
77591;2,425038
77625;2,425038
77657;2,425038
77687;2,425038
77716;2,425038
77756;2,425038
77788;2,425038
77820;2,425038
77849;2,425038
77887;2,425038
77919;2,425038
77947;2,425038
77977;2,425038
78006;2,425038
78035;2,425038
78067;2,425038
78095;2,425038
78129;2,425038
78161;2,425038
78191;2,425038
78220;2,425038
78249;2,425038
78279;2,425038
78312;2,425038
78354;2,425038
78386;2,425038
78414;2,425038
78448;2,425038
78477;2,425038
78505;2,425038
78536;2,425038
78572;2,425038
78605;2,425038
78636;2,425038
78669;2,425038
78696;2,425038
78724;2,425038
78752;2,425038
78783;2,425038
78817;2,425038
78850;2,425038
78883;2,425038
78912;2,425038
78941;2,425038
78969;2,425038
79010;2,425038
79037;2,425038
79068;2,425038
79098;2,425038
79129;2,425038
79162;2,425038
79200;2,425038
79231;2,425038
79258;2,425038
79302;2,425038
79335;2,425038
79366;2,425038
79394;2,425038
79424;2,425038
79453;2,425038
79481;2,425038
79508;2,425038
79537;2,425038
79568;2,425038
79601;2,425038
79633;2,425038
79667;2,425038
79698;2,425038
79729;2,425038
79768;2,425038
79799;2,425038
79830;2,425038
79860;2,425038
79889;2,425038
79916;2,425038
79943;2,425038
79973;2,425038
80002;2,425038
80037;2,425038
80066;2,425038
80098;2,425038
80132;2,425038
80170;2,425038
80200;2,425038
80235;2,425038
80266;2,425038
80297;2,425038
80330;2,425038
80358;2,425038
80388;2,425038
80418;2,425038
80449;2,425038
80478;2,425038
80505;2,425038
80535;2,425038
80565;2,425038
80595;2,425038
80630;2,425038
80677;2,425038
80706;2,425038
80736;2,425038
80769;2,425038
80796;2,425038
80823;2,425038
80852;2,425038
80879;2,425038
80912;2,425038
80944;2,425038
80972;2,425038
81000;2,425038
81029;2,425038
81061;2,425038
81101;2,425038
81165;2,425038
81208;2,425038
81245;2,425038
81283;2,425038
81314;2,425038
81343;2,425038
81376;2,425038
81412;2,425038
81452;2,425038
81483;2,425038
81510;2,425038
81537;2,425038
81568;2,425038
81597;2,425038
81631;2,425038
81664;2,425038
81700;2,425038
81729;2,425038
81759;2,425038
81794;2,425038
81826;2,425038
81854;2,425038
81884;2,425038
81913;2,425038
81942;2,425038
81970;2,425038
81999;2,425038
82028;2,425038
82058;2,425038
82094;2,425038
82131;2,425038
82164;2,425038
82195;2,425038
82229;2,425038
82258;2,425038
82288;2,425038
82320;2,425038
82349;2,425038
82377;2,425038
82407;2,425038
82436;2,425038
82466;2,425038
82494;2,425038
82523;2,425038
82561;2,425038
82590;2,425038
82625;2,425038
82661;2,425038
82697;2,425038
82728;2,425038
82758;2,425038
82791;2,425038
82823;2,425038
82854;2,425038
82882;2,425038
82910;2,425038
82939;2,425038
82969;2,425038
83008;2,425038
83039;2,425038
83068;2,425038
83102;2,425038
83141;2,425038
83178;2,425038
83213;2,425038
83242;2,425038
83272;2,425038
83306;2,425038
83346;2,425038
83385;2,425038
83422;2,425038
83462;2,425038
83498;2,425038
83542;2,425038
83583;2,425038
83623;2,425038
83662;2,425038
83704;2,425038
83741;2,425038
83779;2,425038
83818;2,425038
83856;2,425038
83897;2,425038
83934;2,425038
83975;2,425038
84016;2,425038
84055;2,425038
84098;2,425038
84163;2,425038
84208;2,425038
84253;2,425038
84292;2,425038
84325;2,425038
84362;2,425038
84398;2,425038
84429;2,425038
84462;2,425038
84495;2,425038
84529;2,425038
84560;2,425038
84596;2,425038
84630;2,425038
84671;2,425038
84701;2,425038
84736;2,425038
84767;2,425038
84822;2,425038
84851;2,425038
84880;2,425038
84908;2,425038
84934;2,425038
84963;2,425038
84993;2,425038
85023;2,425038
85055;2,425038
85085;2,425038
85114;2,425038
85150;2,425038
85176;2,425038
85211;2,425038
85245;2,425038
85276;2,425038
85310;2,425038
85341;2,425038
85374;2,425038
85406;2,425038
85434;2,425038
85463;2,425038
85491;2,425038
85521;2,425038
85551;2,425038
85586;2,425038
85616;2,425038
85644;2,425038
85677;2,425038
85706;2,425038
85734;2,425038
85769;2,425038
85799;2,425038
85826;2,425038
85857;2,425038
85884;2,425038
85915;2,425038
85941;2,425038
85971;2,425038
86004;2,425038
86032;2,425038
86060;2,425038
86090;2,425038
86119;2,425038
86153;2,425038
86183;2,425038
86222;2,425038
86253;2,425038
86284;2,425038
86313;2,425038
86342;2,425038
86372;2,425038
86401;2,425038
86431;2,425038
86459;2,425038
86488;2,425038
86517;2,425038
86545;2,425038
86574;2,425038
86602;2,425038
86631;2,425038
86661;2,425038
86697;2,425038
86725;2,425038
86756;2,425038
86785;2,425038
86813;2,425038
86839;2,425038
86885;2,425038
86917;2,425038
86947;2,425038
86975;2,425038
87003;2,425038
87030;2,425038
87061;2,425038
87092;2,425038
87121;2,425038
87150;2,425038
87188;2,425038
87221;2,425038
87254;2,425038
87283;2,425038
87315;2,425038
87346;2,425038
87379;2,425038
87411;2,425038
87451;2,425038
87491;2,425038
87521;2,425038
87551;2,425038
87585;2,425038
87618;2,425038
87660;2,425038
87697;2,425038
87730;2,425038
87765;2,425038
87797;2,425038
87830;2,425038
87862;2,425038
87894;2,425038
87922;2,425038
87950;2,425038
87979;2,425038
88009;2,425038
88036;2,425038
88069;2,425038
88100;2,425038
88128;2,425038
88159;2,425038
88185;2,425038
88217;2,425038
88256;2,425038
88294;2,425038
88325;2,425038
88352;2,425038
88382;2,425038
88410;2,425038
88441;2,425038
88481;2,425038
88513;2,425038
88543;2,425038
88574;2,425038
88602;2,425038
88635;2,425038
88664;2,425038
88704;2,425038
88741;2,425038
88774;2,425038
88801;2,425038
88831;2,425038
88859;2,425038
88889;2,425038
88917;2,425038
88947;2,425038
88976;2,425038
89009;2,425038
89040;2,425038
89068;2,425038
89097;2,425038
89129;2,425038
89165;2,425038
89194;2,425038
89231;2,425038
89259;2,425038
89294;2,425038
89323;2,425038
89350;2,425038
89389;2,425038
89416;2,425038
89446;2,425038
89474;2,425038
89501;2,425038
89532;2,425038
89563;2,425038
89592;2,425038
89631;2,425038
89662;2,425038
89694;2,425038
89732;2,425038
89764;2,425038
89800;2,425038
89833;2,425038
89864;2,425038
89893;2,425038
89926;2,425038
89954;2,425038
89984;2,425038
90014;2,425038
90043;2,425038
90080;2,425038
90111;2,425038
90143;2,425038
90177;2,425038
90206;2,425038
90240;2,425038
90271;2,425038
90307;2,425038
90336;2,425038
90363;2,425038
90392;2,425038
90419;2,425038
90448;2,425038
90479;2,425038
90508;2,425038
90541;2,425038
90572;2,425038
90602;2,425038
90630;2,425038
90658;2,425038
90688;2,425038
90719;2,425038
90756;2,425038
90791;2,425038
90824;2,425038
90855;2,425038
90888;2,425038
90921;2,425038
90954;2,425038
91002;2,425038
91030;2,425038
91063;2,425038
91097;2,425038
91129;2,425038
91158;2,425038
91189;2,425038
91221;2,425038
91256;2,425038
91292;2,425038
91324;2,425038
91354;2,425038
91384;2,425038
91413;2,425038
91445;2,425038
91474;2,425038
91501;2,425038
91529;2,425038
91559;2,425038
91588;2,425038
91618;2,425038
91649;2,425038
91676;2,425038
91708;2,425038
91745;2,425038
91778;2,425038
91807;2,425038
91838;2,425038
91888;2,425038
91919;2,425038
91949;2,425038
91978;2,425038
92008;2,425038
92039;2,425038
92067;2,425038
92097;2,425038
92125;2,425038
92154;2,425038
92185;2,425038
92217;2,425038
92256;2,425038
92287;2,425038
92316;2,425038
92355;2,425038
92398;2,425038
92430;2,425038
92457;2,425038
92488;2,425038
92518;2,425038
92546;2,425038
92577;2,425038
92608;2,425038
92638;2,425038
92666;2,425038
92696;2,425038
92723;2,425038
92768;2,425038
92800;2,425038
92831;2,425038
92859;2,425038
92889;2,425038
92924;2,425038
92964;2,425038
93013;2,425038
93056;2,425038
93100;2,425038
93136;2,425038
93167;2,425038
93196;2,425038
93235;2,425038
93284;2,425038
93320;2,425038
93351;2,425038
93379;2,425038
93411;2,425038
93444;2,425038
93472;2,425038
93503;2,425038
93530;2,425038
93559;2,425038
93588;2,425038
93620;2,425038
93647;2,425038
93677;2,425038
93705;2,425038
93754;2,425038
93788;2,425038
93821;2,425038
93854;2,425038
93884;2,425038
93913;2,425038
93943;2,425038
93971;2,425038
94002;2,425038
94034;2,425038
94062;2,425038
94089;2,425038
94119;2,425038
94149;2,425038
94182;2,425038
94209;2,425038
94237;2,425038
94273;2,425038
94303;2,425038
94337;2,425038
94369;2,425038
94400;2,425038
94430;2,425038
94460;2,425038
94492;2,425038
94524;2,425038
94552;2,425038
94587;2,425038
94624;2,425038
94652;2,425038
94682;2,425038
94710;2,425038
94744;2,425038
94775;2,425038
94807;2,425038
94837;2,425038
94868;2,425038
94900;2,425038
94933;2,425038
94963;2,425038
94992;2,425038
95023;2,425038
95050;2,425038
95092;2,425038
95121;2,425038
95157;2,425038
95200;2,425038
95248;2,425038
95293;2,425038
95326;2,425038
95359;2,425038
95389;2,425038
95420;2,425038
95449;2,425038
95481;2,425038
95519;2,425038
95551;2,425038
95590;2,425038
95621;2,425038
95662;2,425038
95708;2,425038
95756;2,425038
95800;2,425038
95829;2,425038
95857;2,425038
95889;2,425038
95921;2,425038
95950;2,425038
95980;2,425038
96012;2,425038
96040;2,425038
96072;2,425038
96104;2,425038
96134;2,425038
96170;2,425038
96202;2,425038
96241;2,425038
96278;2,425038
96315;2,425038
96349;2,425038
96383;2,425038
96416;2,425038
96454;2,425038
96525;2,425038
96560;2,425038
96595;2,425038
96645;2,425038
96683;2,425038
96721;2,425038
96761;2,425038
96789;2,425038
96819;2,425038
96848;2,425038
96877;2,425038
96905;2,425038
96937;2,425038
96968;2,425038
96998;2,425038
97027;2,425038
97055;2,425038
97088;2,425038
97118;2,425038
97150;2,425038
97185;2,425038
97232;2,425038
97280;2,425038
97336;2,425038
97376;2,425038
97412;2,425038
97440;2,425038
97476;2,425038
97517;2,425038
97557;2,425038
97585;2,425038
97626;2,425038
97659;2,425038
97690;2,425038
97724;2,425038
97758;2,425038
97794;2,425038
97826;2,425038
97857;2,425038
97886;2,425038
97916;2,425038
97949;2,425038
97982;2,425038
98012;2,425038
98042;2,425038
98072;2,425038
98115;2,425038
98148;2,425038
98177;2,425038
98207;2,425038
98242;2,425038
98273;2,425038
98306;2,425038
98334;2,425038
98364;2,425038
98390;2,425038
98422;2,425038
98449;2,425038
98478;2,425038
98513;2,425038
98547;2,425038
98577;2,425038
98604;2,425038
98633;2,425038
98664;2,425038
98691;2,425038
98725;2,425038
98755;2,425038
98786;2,425038
98816;2,425038
98847;2,425038
98876;2,425038
98913;2,425038
98946;2,425038
98975;2,425038
99005;2,425038
99032;2,425038
99061;2,425038
99090;2,425038
99120;2,425038
99148;2,425038
99178;2,425038
99209;2,425038
99251;2,425038
99282;2,425038
99318;2,425038
99349;2,425038
99380;2,425038
99418;2,425038
99451;2,425038
99484;2,425038
99513;2,425038
99541;2,425038
99571;2,425038
99599;2,425038
99628;2,425038
99655;2,425038
99687;2,425038
99718;2,425038
99753;2,425038
99783;2,425038
99826;2,425038
99857;2,425038
99886;2,425038
99916;2,425038
99946;2,425038
99977;2,425038
100016;2,425038
100054;2,425038
100100;2,425038
100131;2,425038
100165;2,425038
100206;2,425038
100252;2,425038
100294;2,425038
100336;2,425038
100366;2,425038
100410;2,425038
100451;2,425038
100491;2,425038
100530;2,425038
100560;2,425038
100592;2,425038
100628;2,425038
100658;2,425038
100693;2,425038
100724;2,425038
100756;2,425038
100786;2,425038
100820;2,425038
100858;2,425038
100887;2,425038
100915;2,425038
100944;2,425038
100973;2,425038
101001;2,425038
101031;2,425038
101063;2,425038
101090;2,425038
101117;2,425038
101146;2,425038
101183;2,425038
101213;2,425038
101255;2,425038
101284;2,425038
101318;2,425038
101349;2,425038
101385;2,425038
101418;2,425038
101452;2,425038
101485;2,425038
101517;2,425038
101556;2,425038
101589;2,425038
101626;2,425038
101663;2,425038
101696;2,425038
101735;2,425038
101775;2,425038
101813;2,425038
101846;2,425038
101879;2,425038
101912;2,425038
101952;2,425038
101994;2,425038
102034;2,425038
102073;2,425038
102111;2,425038
102157;2,425038
102204;2,425038
102246;2,425038
102310;2,425038
102351;2,425038
102390;2,425038
102431;2,425038
102467;2,425038
102502;2,425038
102531;2,425038
102569;2,425038
102607;2,425038
102636;2,425038
102668;2,425038
102695;2,425038
102723;2,425038
102755;2,425038
102794;2,425038
102821;2,425038
102859;2,425038
102893;2,425038
102924;2,425038
102956;2,425038
102985;2,425038
103014;2,425038
103043;2,425038
103071;2,425038
103107;2,425038
103141;2,425038
103173;2,425038
103209;2,425038
103238;2,425038
103272;2,425038
103305;2,425038
103333;2,425038
103364;2,425038
103394;2,425038
103426;2,425038
103456;2,425038
103485;2,425038
103517;2,425038
103551;2,425038
103589;2,425038
103623;2,425038
103671;2,425038
103703;2,425038
103741;2,425038
103772;2,425038
103808;2,425038
103839;2,425038
103877;2,425038
103907;2,425038
103936;2,425038
103969;2,425038
103998;2,425038
104027;2,425038
104057;2,425038
104086;2,425038
104120;2,425038
104148;2,425038
104175;2,425038
104204;2,425038
104235;2,425038
104268;2,425038
104304;2,425038
104336;2,425038
104368;2,425038
104399;2,425038
104428;2,425038
104458;2,425038
104487;2,425038
104524;2,425038
104556;2,425038
104588;2,425038
104617;2,425038
104647;2,425038
104674;2,425038
104703;2,425038
104731;2,425038
104763;2,425038
104802;2,425038
104831;2,425038
104866;2,425038
104896;2,425038
104922;2,425038
104960;2,425038
104988;2,425038
105016;2,425038
105049;2,425038
105089;2,425038
105120;2,425038
105153;2,425038
105187;2,425038
105225;2,425038
105253;2,425038
105286;2,425038
105318;2,425038
105359;2,425038
105390;2,425038
105420;2,425038
105449;2,425038
105478;2,425038
105508;2,425038
105544;2,425038
105578;2,425038
105616;2,425038
105643;2,425038
105672;2,425038
105704;2,425038
105737;2,425038
105768;2,425038
105804;2,425038
105840;2,425038
105871;2,425038
105903;2,425038
105936;2,425038
105965;2,425038
105995;2,425038
106026;2,425038
106054;2,425038
106084;2,425038
106113;2,425038
106143;2,425038
106171;2,425038
106201;2,425038
106230;2,425038
106268;2,425038
106303;2,425038
106334;2,425038
106368;2,425038
106400;2,425038
106429;2,425038
106459;2,425038
106487;2,425038
106519;2,425038
106548;2,425038
106575;2,425038
106604;2,425038
106633;2,425038
106661;2,425038
106696;2,425038
106725;2,425038
106758;2,425038
106794;2,425038
106826;2,425038
106865;2,425038
106892;2,425038
106924;2,425038
106951;2,425038
106979;2,425038
107010;2,425038
107037;2,425038
107076;2,425038
107107;2,425038
107144;2,425038
107175;2,425038
107208;2,425038
107253;2,425038
107292;2,425038
107325;2,425038
107358;2,425038
107386;2,425038
107414;2,425038
107446;2,425038
107477;2,425038
107510;2,425038
107539;2,425038
107577;2,425038
107622;2,425038
107666;2,425038
107699;2,425038
107730;2,425038
107829;2,425038
107882;2,425038
107921;2,425038
107957;2,425038
107989;2,425038
108018;2,425038
108055;2,425038
108090;2,425038
108123;2,425038
108153;2,425038
108189;2,425038
108221;2,425038
108255;2,425038
108287;2,425038
108322;2,425038
108356;2,425038
108387;2,425038
108713;2,425038
108766;2,425038
108799;2,425038
108839;2,425038
108871;2,425038
108899;2,425038
108947;2,425038
108987;2,425038
109024;2,425038
109059;2,425038
109105;2,425038
109141;2,425038
109189;2,425038
109239;2,425038
109288;2,425038
109336;2,425038
109370;2,425038
109414;2,425038
109451;2,425038
109480;2,425038
109514;2,425038
109550;2,425038
109584;2,425038
109618;2,425038
109650;2,425038
109680;2,425038
109710;2,425038
109740;2,425038
109775;2,425038
109806;2,425038
109846;2,425038
109878;2,425038
109912;2,425038
109948;2,425038
110005;2,425038
110044;2,425038
110081;2,425038
110110;2,425038
110143;2,425038
110174;2,425038
110203;2,425038
110233;2,425038
110263;2,425038
110291;2,425038
110323;2,425038
110353;2,425038
110380;2,425038
110415;2,425038
110443;2,425038
110701;2,425038
111578;2,425038
112128;2,425038
112175;2,425038
112210;2,425038
112243;2,425038
112291;2,425038
112349;2,425038
112380;2,425038
112413;2,425038
112465;2,425038
112511;2,425038
112548;2,425038
112581;2,425038
112615;2,425038
112648;2,425038
112699;2,425038
112732;2,425038
112764;2,425038
112799;2,425038
112853;2,425038
112887;2,425038
112921;2,425038
112951;2,425038
113000;2,425038
113032;2,425038
113069;2,425038
113101;2,425038
113149;2,425038
113183;2,425038
113216;2,425038
113248;2,425038
113288;2,425038
113341;2,425038
113380;2,425038
113414;2,425038
113444;2,425038
113493;2,425038
113522;2,425038
113557;2,425038
113590;2,425038
113622;2,425038
113675;2,425038
113715;2,425038
113757;2,425038
113797;2,425038
113865;2,425038
113903;2,425038
113935;2,425038
113968;2,425038
114020;2,425038
114056;2,425038
114090;2,425038
114122;2,425038
114166;2,425038
114204;2,425038
114237;2,425038
114268;2,425038
114304;2,425038
114361;2,425038
114394;2,425038
114426;2,425038
114456;2,425038
114501;2,425038
114532;2,425038
114566;2,425038
114597;2,425038
114631;2,425038
114679;2,425038
114712;2,425038
114744;2,425038
114774;2,425038
114808;2,425038
114856;2,425038
114889;2,425038
114920;2,425038
114949;2,425038
114979;2,425038
115030;2,425038
115065;2,425038
115097;2,425038
115128;2,425038
115159;2,425038
115203;2,425038
115235;2,425038
115269;2,425038
115306;2,425038
115352;2,425038
115399;2,425038
115437;2,425038
115468;2,425038
115501;2,425038
115535;2,425038
115583;2,425038
115618;2,425038
115651;2,425038
115683;2,425038
115720;2,425038
115768;2,425038
115807;2,425038
115838;2,425038
115872;2,425038
115935;2,425038
115966;2,425038
116001;2,425038
116034;2,425038
116080;2,425038
116117;2,425038
116151;2,425038
116183;2,425038
116217;2,425038
116264;2,425038
116301;2,425038
116333;2,425038
116366;2,425038
116400;2,425038
116449;2,425038
116482;2,425038
116514;2,425038
116544;2,425038
116574;2,425038
116619;2,425038
116652;2,425038
116682;2,425038
116713;2,425038
116747;2,425038
116806;2,425038
116844;2,425038
116881;2,425038
116914;2,425038
116962;2,425038
116996;2,425038
117025;2,425038
117056;2,425038
117088;2,425038
117134;2,425038
117166;2,425038
117197;2,425038
117229;2,425038
117266;2,425038
117316;2,425038
117350;2,425038
117382;2,425038
117417;2,425038
117469;2,425038
117500;2,425038
117533;2,425038
117561;2,425038
117596;2,425038
117644;2,425038
117679;2,425038
117709;2,425038
117752;2,425038
117785;2,425038
117834;2,425038
117866;2,425038
117900;2,425038
117932;2,425038
117968;2,425038
118016;2,425038
118049;2,425038
118081;2,425038
118113;2,425038
118148;2,425038
118199;2,425038
118238;2,425038
118282;2,425038
118315;2,425038
118363;2,425038
118398;2,425038
118429;2,425038
118464;2,425038
118497;2,425038
118547;2,425038
118579;2,425038
118610;2,425038
118642;2,425038
118675;2,425038
118724;2,425038
118752;2,425038
118791;2,425038
118822;2,425038
118853;2,425038
118904;2,425038
118938;2,425038
118975;2,425038
119005;2,425038
119049;2,425038
119113;2,425038
119143;2,425038
119175;2,425038
119218;2,425038
119259;2,425038
119302;2,425038
119336;2,425038
119388;2,425038
119425;2,425038
119457;2,425038
119490;2,425038
119540;2,425038
119573;2,425038
119608;2,425038
119642;2,425038
119691;2,425038
119725;2,425038
119798;2,425038
119855;2,425038
119885;2,425038
119918;2,425038
119949;2,425038
120000;2,425038
120039;2,425038
120073;2,425038
120106;2,425038
120154;2,425038
120189;2,425038
120223;2,425038
120254;2,425038
120288;2,425038
120346;2,425038
120388;2,425038
120425;2,425038
120458;2,425038
120506;2,425038
120541;2,425038
120574;2,425038
120606;2,425038
120638;2,425038
120685;2,425038
120718;2,425038
120749;2,425038
120779;2,425038
120811;2,425038
120860;2,425038
120904;2,425038
120939;2,425038
120970;2,425038
121015;2,425038
121047;2,425038
121081;2,425038
121113;2,425038
121149;2,425038
121202;2,425038
121241;2,425038
121273;2,425038
121305;2,425038
121356;2,425038
121398;2,425038
121437;2,425038
121470;2,425038
121520;2,425038
121555;2,425038
121589;2,425038
121620;2,425038
121670;2,425038
121702;2,425038
121734;2,425038
121769;2,425038
121803;2,425038
121854;2,425038
121895;2,425038
121933;2,425038
121969;2,425038
122016;2,425038
122052;2,425038
122082;2,425038
122117;2,425038
122154;2,425038
122211;2,425038
122252;2,425038
122296;2,425038
122338;2,425038
122407;2,425038
122457;2,425038
122518;2,425038
122582;2,425038
122623;2,425038
122668;2,425038
122727;2,425038
122764;2,425038
122797;2,425038
122831;2,425038
122885;2,425038
122917;2,425038
122953;2,425038
122985;2,425038
123035;2,425038
123068;2,425038
123100;2,425038
123130;2,425038
123164;2,425038
123214;2,425038
123247;2,425038
123280;2,425038
123310;2,425038
123341;2,425038
123390;2,425038
123423;2,425038
123455;2,425038
123506;2,425038
123555;2,425038
123590;2,425038
123623;2,425038
123653;2,425038
123704;2,425038
123737;2,425038
123769;2,425038
123807;2,425038
123859;2,425038
123894;2,425038
123928;2,425038
123962;2,425038
124029;2,425038
124063;2,425038
124094;2,425038
124125;2,425038
124176;2,425038
124211;2,425038
124243;2,425038
124279;2,425038
124326;2,425038
124359;2,425038
124395;2,425038
124428;2,425038
124464;2,425038
124518;2,425038
124553;2,425038
124588;2,425038
124621;2,425038
124669;2,425038
124702;2,425038
124733;2,425038
124763;2,425038
124794;2,425038
124838;2,425038
124872;2,425038
124904;2,425038
124936;2,425038
124976;2,425038
125023;2,425038
125053;2,425038
125085;2,425038
125118;2,425038
125152;2,425038
125201;2,425038
125235;2,425038
125268;2,425038
125300;2,425038
125332;2,425038
125385;2,425038
125420;2,425038
125454;2,425038
125491;2,425038
125543;2,425038
125575;2,425038
125607;2,425038
125640;2,425038
125688;2,425038
125719;2,425038
125752;2,425038
125784;2,425038
125824;2,425038
125879;2,425038
125918;2,425038
125956;2,425038
126003;2,425038
126049;2,425038
126082;2,425038
126117;2,425038
126148;2,425038
126182;2,425038
126234;2,425038
126266;2,425038
126299;2,425038
126331;2,425038
126374;2,425038
126424;2,425038
126458;2,425038
126500;2,425038
126532;2,425038
126585;2,425038
126621;2,425038
126655;2,425038
126687;2,425038
126737;2,425038
126770;2,425038
126802;2,425038
126831;2,425038
126864;2,425038
126913;2,425038
126947;2,425038
126981;2,425038
127019;2,425038
127074;2,425038
127107;2,425038
127139;2,425038
127170;2,425038
127219;2,425038
127252;2,425038
127286;2,425038
127318;2,425038
127355;2,425038
127401;2,425038
127442;2,425038
127488;2,425038
127541;2,425038
127607;2,425038
127646;2,425038
127677;2,425038
127713;2,425038
127771;2,425038
127803;2,425038
127835;2,425038
127868;2,425038
127915;2,425038
127945;2,425038
127979;2,425038
128014;2,425038
128055;2,425038
128100;2,425038
128137;2,425038
128170;2,425038
128200;2,425038
128234;2,425038
128283;2,425038
128316;2,425038
128346;2,425038
128377;2,425038
128410;2,425038
128461;2,425038
128495;2,425038
128528;2,425038
128567;2,425038
128624;2,425038
128659;2,425038
128695;2,425038
128733;2,425038
128779;2,425038
128814;2,425038
128849;2,425038
128880;2,425038
128916;2,425038
128968;2,425038
129000;2,425038
129032;2,425038
129067;2,425038
129119;2,425038
129151;2,425038
129182;2,425038
129213;2,425038
129246;2,425038
129296;2,425038
129329;2,425038
129362;2,425038
129392;2,425038
129426;2,425038
129474;2,425038
129510;2,425038
129564;2,425038
129606;2,425038
129671;2,425038
129716;2,425038
129751;2,425038
129802;2,425038
129860;2,425038
129905;2,425038
129951;2,425038
129997;2,425038
130064;2,425038
130097;2,425038
130128;2,425038
130165;2,425038
130231;2,425038
130265;2,425038
130297;2,425038
130330;2,425038
130382;2,425038
130418;2,425038
130452;2,425038
130482;2,425038
130536;2,425038
130573;2,425038
130607;2,425038
130644;2,425038
130704;2,425038
130748;2,425038
130782;2,425038
130813;2,425038
130854;2,425038
130886;2,425038
130918;2,425038
130949;2,425038
130981;2,425038
131043;2,425038
131074;2,425038
131103;2,425038
131134;2,425038
131185;2,425038
131220;2,425038
131253;2,425038
131284;2,425038
131320;2,425038
131371;2,425038
131408;2,425038
131440;2,425038
131470;2,425038
131517;2,425038
131552;2,425038
131590;2,425038
131620;2,425038
131683;2,425038
131716;2,425038
131753;2,425038
131785;2,425038
131837;2,425038
131869;2,425038
131902;2,425038
131933;2,425038
131966;2,425038
132016;2,425038
132051;2,425038
132083;2,425038
132114;2,425038
132155;2,425038
132201;2,425038
132234;2,425038
132269;2,425038
132302;2,425038
132339;2,425038
132386;2,425038
132418;2,425038
132454;2,425038
132487;2,425038
132518;2,425038
132569;2,425038
132614;2,425038
132649;2,425038
132681;2,425038
132732;2,425038
132765;2,425038
132799;2,425038
132832;2,425038
132886;2,425038
132920;2,425038
132954;2,425038
132987;2,425038
133034;2,425038
133069;2,425038
133121;2,425038
133153;2,425038
133198;2,425038
133236;2,425038
133270;2,425038
133303;2,425038
133352;2,425038
133386;2,425038
133416;2,425038
133447;2,425038
133480;2,425038
133529;2,425038
133563;2,425038
133599;2,425038
133634;2,425038
133680;2,425038
133717;2,425038
133752;2,425038
133786;2,425038
133834;2,425038
133870;2,425038
133902;2,425038
133933;2,425038
133966;2,425038
134017;2,425038
134057;2,425038
134089;2,425038
134127;2,425038
134176;2,425038
134211;2,425038
134245;2,425038
134278;2,425038
134328;2,425038
134363;2,425038
134400;2,425038
134433;2,425038
134482;2,425038
134517;2,425038
134558;2,425038
134589;2,425038
134642;2,425038
134677;2,425038
134709;2,425038
134742;2,425038
134797;2,425038
134832;2,425038
134865;2,425038
134898;2,425038
134946;2,425038
134981;2,425038
135021;2,425038
135052;2,425038
135102;2,425038
135136;2,425038
135167;2,425038
135202;2,425038
135233;2,425038
135281;2,425038
135315;2,425038
135346;2,425038
135376;2,425038
135412;2,425038
135467;2,425038
135506;2,425038
135537;2,425038
135567;2,425038
135617;2,425038
135653;2,425038
135688;2,425038
135723;2,425038
135773;2,425038
135808;2,425038
135842;2,425038
135876;2,425038
135929;2,425038
135964;2,425038
136007;2,425038
136040;2,425038
136090;2,425038
136125;2,425038
136161;2,425038
136192;2,425038
136245;2,425038
136278;2,425038
136311;2,425038
136341;2,425038
136377;2,425038
136427;2,425038
136460;2,425038
136505;2,425038
136539;2,425038
136584;2,425038
136618;2,425038
136651;2,425038
136683;2,425038
136719;2,425038
136766;2,425038
136798;2,425038
136831;2,425038
136865;2,425038
136898;2,425038
136951;2,425038
136984;2,425038
137015;2,425038
137045;2,425038
137086;2,425038
137153;2,425038
137196;2,425038
137229;2,425038
137263;2,425038
137312;2,425038
137346;2,425038
137378;2,425038
137411;2,425038
137446;2,425038
137498;2,425038
137532;2,425038
137566;2,425038
137600;2,425038
137654;2,425038
137690;2,425038
137724;2,425038
137757;2,425038
137808;2,425038
137843;2,425038
137876;2,425038
137908;2,425038
137963;2,425038
138015;2,425038
138047;2,425038
138081;2,425038
138132;2,425038
138173;2,425038
138210;2,425038
138243;2,425038
138291;2,425038
138324;2,425038
138358;2,425038
138394;2,425038
138451;2,425038
138495;2,425038
138531;2,425038
138565;2,425038
138614;2,425038
138651;2,425038
138687;2,425038
138717;2,425038
138764;2,425038
138797;2,425038
138832;2,425038
138864;2,425038
138897;2,425038
138954;2,425038
138991;2,425038
139024;2,425038
139055;2,425038
139102;2,425038
139136;2,425038
139171;2,425038
139204;2,425038
139264;2,425038
139315;2,425038
139360;2,425038
139409;2,425038
139455;2,425038
139506;2,425038
139550;2,425038
139603;2,425038
139638;2,425038
139671;2,425038
139709;2,425038
139760;2,425038
139797;2,425038
139835;2,425038
139865;2,425038
139914;2,425038
139948;2,425038
139980;2,425038
140022;2,425038
140080;2,425038
140114;2,425038
140147;2,425038
140180;2,425038
140237;2,425038
140277;2,425038
140318;2,425038
140357;2,425038
140410;2,425038
140451;2,425038
140488;2,425038
140528;2,425038
140586;2,425038
140626;2,425038
140668;2,425038
140711;2,425038
140764;2,425038
140798;2,425038
140835;2,425038
140869;2,425038
140918;2,425038
140953;2,425038
140987;2,425038
141018;2,425038
141061;2,425038
141112;2,425038
141146;2,425038
141177;2,425038
141209;2,425038
141243;2,425038
141300;2,425038
141351;2,425038
141400;2,425038
141459;2,425038
141490;2,425038
141525;2,425038
141573;2,425038
141619;2,425038
141657;2,425038
141691;2,425038
141723;2,425038
141776;2,425038
141812;2,425038
141846;2,425038
141876;2,425038
141924;2,425038
141957;2,425038
141992;2,425038
142021;2,425038
142065;2,425038
142124;2,425038
142162;2,425038
142199;2,425038
142234;2,425038
142286;2,425038
142325;2,425038
142363;2,425038
142399;2,425038
142452;2,425038
142496;2,425038
142536;2,425038
142573;2,425038
142622;2,425038
142654;2,425038
142688;2,425038
142718;2,425038
142757;2,425038
142803;2,425038
142838;2,425038
142876;2,425038
142910;2,425038
142960;2,425038
142992;2,425038
143026;2,425038
143063;2,425038
143094;2,425038
143148;2,425038
143180;2,425038
143211;2,425038
143244;2,425038
143298;2,425038
143329;2,425038
143375;2,425038
143417;2,425038
143478;2,425038
143521;2,425038
143562;2,425038
143620;2,425038
143686;2,425038
143726;2,425038
143764;2,425038
143811;2,425038
143874;2,425038
143919;2,425038
143965;2,425038
144030;2,425038
144076;2,425038
144124;2,425038
144190;2,425038
144240;2,425038
144283;2,425038
144344;2,425038
144392;2,425038
144438;2,425038
144503;2,425038
144549;2,425038
144595;2,425038
144660;2,425038
144708;2,425038
144754;2,425038
144816;2,425038
144895;2,425038
144956;2,425038
145029;4,994
145072;4,988
145115;4,982
145173;4,976
145213;4,97
145249;4,964
145287;4,958
145347;4,952
145390;4,946
145427;4,94
145462;4,934
145515;4,927999
145553;4,921999
145593;4,915999
145632;4,909999
145683;4,903999
145720;4,897999
145755;4,891999
145794;4,885999
145844;4,879999
145881;4,873999
145921;4,867999
145955;4,861999
146001;4,855999
146036;4,849999
146076;4,843999
146118;4,837999
146171;4,831999
146209;4,825999
146258;4,819999
146293;4,813999
146344;4,807999
146386;4,801999
146429;4,795999
146472;4,789999
146529;4,783998
146563;4,777998
146604;4,771998
146645;4,765998
146704;4,759998
146745;4,753998
146786;4,747998
146823;4,741998
146878;4,741998
146923;4,735998
146967;4,729998
147003;4,723998
147053;4,717998
147090;0
147125;0
147160;0
147218;0
147253;0
147292;0
147333;0
147388;0
147431;0
147468;0
147498;0
147556;0
147587;0
147618;0
147654;0
147704;0
147738;0
147773;0
147807;0
147863;0
147899;0
147936;0
147967;0
148021;0
148056;0
148094;0
148131;0
148189;0
148229;0
148266;0
148305;0
148357;0
148394;0
148429;0
148463;0
148517;0
148549;0
148583;0
148617;0
148673;0
148710;0
148743;0
148778;0
148836;0
148881;0
148914;0
148948;0
149000;0
149034;0
149069;0
149109;0
149165;0
149200;0
149233;0
149266;0
149320;0
149355;0
149393;0
149426;0
149484;0
149519;0
149555;0
149589;0
149639;0
149671;0
149702;0
149732;0
149763;0
149818;0
149853;0
149886;0
149919;0
149969;0
150002;0
150038;0
150067;0
150101;0
150150;0
150182;0
150210;0
150240;0
150273;0
150317;0
150351;0
150386;0
150417;0
150453;0
150499;0
150532;0
150562;0
150599;0
150632;0
150684;0
150716;0
150748;0
150777;0
150808;0
150855;0
150884;0
150914;0
150945;0
150976;0
151021;0
151049;0
151082;0
151112;0
151155;0
151201;0
151232;0
151262;0
151293;0
151323;0
151370;0
151402;0
151432;0
151461;0
151492;0
151536;0
151570;0
151602;0
151634;0
151674;0
151721;0
151752;0
151781;0
151812;0
151847;0
151896;0
151930;0
151965;0
151995;0
152027;0
152075;0
152107;0
152140;0
152169;0
152210;0
152259;0
152293;0
152323;0
152353;0
152403;0
152435;0
152467;0
152495;0
152533;0
152579;0
152610;0
152641;0
152670;0
152699;0
152754;0
152783;0
152811;0
152839;0
152871;0
152915;0
152945;0
152977;0
153006;0
153035;0
153081;0
153112;0
153143;0
153173;0
153208;0
153257;0
153294;0
153324;0
153356;0
153392;0
153439;0
153476;0
153507;0
153538;0
153571;0
153616;0
153649;0
153681;0
153713;0
153743;0
153791;0
153825;0
153855;0
153888;0
153922;0
153967;0
154003;0
154035;0
154064;0
154100;0
154150;0
154181;0
154214;0
154244;0
154274;0
154322;0
154358;0
154390;0
154424;0
154455;0
154508;0
154538;0
154570;0
154598;0
154630;0
154676;0
154706;0
154737;0
154768;0
154798;0
154844;0
154879;0
154917;0
154946;0
154979;0
155024;0
155055;0
155084;0
155115;0
155146;0
155192;0
155222;0
155253;0
155284;0
155313;0
155359;0
155398;0
155431;0
155466;0
155502;0
155551;0
155582;0
155612;0
155642;0
155672;0
155719;0
155752;0
155784;0
155814;0
155846;0
155895;0
155929;0
155959;0
155991;0
156022;0
156073;0
156106;0
156144;0
156177;0
156235;0
156270;0
156301;0
156333;0
156382;0
156415;0
156448;0
156477;0
156507;0
156560;0
156591;0
156623;0
156652;0
156682;0
156728;0
156761;0
156791;0
156821;0
156851;0
156899;0
156934;0
156967;0
156997;0
157029;0
157084;0
157115;0
157148;0
157178;0
157209;0
157254;0
157289;0
157322;0
157353;0
157383;0
157430;0
157464;0
157496;0
157527;0
157560;0
157607;0
157650;0
157680;0
157711;0
157758;0
157796;0
157836;0
157871;0
157924;0
157957;0
157988;0
158019;0
158052;0
158099;0
158131;0
158167;0
158201;0
158234;0
158283;0
158315;0
158345;0
158376;0
158406;0
158453;0
158484;0
158518;0
158550;0
158582;0
158626;0
158661;0
158699;0
158728;0
158761;0
158808;0
158840;0
158870;0
158899;0
158930;0
158975;0
159010;0
159042;0
159071;0
159100;0
159144;0
159177;0
159216;0
159248;0
159284;0
159329;0
159359;0
159391;0
159421;0
159451;0
159495;0
159527;0
159557;0
159586;0
159617;0
159663;0
159695;0
159724;0
159761;0
159798;0
159845;0
159875;0
159906;0
159939;0
159970;0
160021;0
160054;0
160088;0
160116;0
160147;0
160194;0
160226;0
160257;0
160295;0
160328;0
160376;0
160408;0
160438;0
160471;0
160503;0
160550;0
160580;0
160613;0
160643;0
160672;0
160721;0
160757;0
160790;0
160830;0
160861;0
160910;0
160943;0
160979;0
161011;0
161043;0
161088;0
161121;0
161154;0
161183;0
161212;0
161257;0
161287;0
161320;0
161361;0
161393;0
161441;0
161470;0
161503;0
161533;0
161562;0
161606;0
161637;0
161674;0
161702;0
161733;0
161781;0
161814;0
161842;0
161877;0
161926;0
161973;0
162003;0
162035;0
162068;0
162100;0
162151;0
162183;0
162214;0
162242;0
162273;0
162318;0
162351;0
162385;0
162420;0
162456;0
162505;0
162535;0
162569;0
162599;0
162631;0
162684;0
162730;0
162763;0
162796;0
162847;0
162882;0
162919;0
162959;0
163010;0
163041;0
163076;0
163107;0
163142;0
163197;0
163228;0
163260;0
163291;0
163324;0
163371;0
163405;0
163439;0
163472;0
163513;0
163564;0
163598;0
163628;0
163659;0
163691;0
163737;0
163770;0
163803;0
163837;0
163873;0
163918;0
163954;0
163987;0
164022;0
164058;0
164111;0
164142;0
164173;0
164203;0
164236;0
164282;0
164319;0
164351;0
164381;0
164412;0
164460;0
164500;0
164535;0
164574;0
164617;0
164645;0
164678;0
164711;0
164742;0
164792;0
164826;0
164859;0
164889;0
164924;0
164973;0
165010;0
165041;0
165072;0
165105;0
165152;0
165182;0
165212;0
165242;0
165273;0
165317;0
165348;0
165378;0
165407;0
165438;0
165489;0
165522;0
165553;0
165589;0
165621;0
165669;0
165700;0
165732;0
165764;0
165797;0
165846;0
165876;0
165915;0
165943;0
165981;0
166028;0
166063;0
166098;0
166132;0
166167;0
166215;0
166245;0
166275;0
166307;0
166340;0
166389;0
166421;0
166450;0
166479;0
166508;0
166557;0
166590;0
166621;0
166662;0
166692;0
166741;0
166775;0
166808;0
166841;0
166873;0
166919;0
166951;0
166982;0
167012;0
167044;0
167088;0
167120;0
167153;0
167191;0
167223;0
167268;0
167300;0
167330;0
167360;0
167393;0
167441;0
167475;0
167505;0
167534;0
167564;0
167608;0
167638;0
167675;0
167711;0
167746;0
167795;0
167826;0
167858;0
167890;0
167921;0
167966;0
168004;0
168036;0
168068;0
168100;0
168154;0
168190;0
168223;0
168256;0
168307;0
168336;0
168369;0
168398;0
168429;0
168480;0
168510;0
168541;0
168573;0
168603;0
168653;0
168687;0
168720;0
168751;0
168788;0
168837;0
168868;0
168900;0
168931;0
168962;0
169007;0
169039;0
169072;0
169101;0
169134;0
169181;0
169217;0
169250;0
169291;0
169340;0
169373;0
169407;0
169438;0
169492;0
169523;0
169555;0
169589;0
169639;0
169672;0
169702;0
169733;0
169767;0
169813;0
169848;0
169881;0
169913;0
169947;0
169999;0
170046;0
170116;0
170166;0
170199;0
170233;0
170264;0
170301;0
170352;0
170389;0
170422;0
170460;0
170520;0
170571;0
170607;0
170654;0
170687;0
170721;0
170754;0
170800;0
170850;0
170885;0
170917;0
170948;0
170980;0
171043;0
171078;0
171110;0
171139;0
171189;0
171223;0
171255;0
171285;0
171317;0
171369;0
171401;0
171436;0
171466;0
171499;0
171554;0
171585;0
171619;0
171652;0
171702;0
171735;0
171766;0
171799;0
171831;0
171882;0
171918;0
171957;0
171994;0
172048;0
172084;0
172129;0
172166;0
172225;0
172267;0
172303;0
172341;0
172399;0
172441;0
172484;0
172518;0
172567;0
172605;0
172644;0
172684;0
172747;0
172794;0
172836;0
172896;0
172930;0
172969;0
173002;0
173062;0
173101;0
173141;0
173180;0
173234;0
173271;0
173309;0
173344;0
173449;0
173487;0
173523;0
173580;0
173623;0
173657;0
173698;0
173752;0
173792;0
173829;0
173862;0
173919;0
173956;0
173993;0
174122;0
174169;0
174204;0
174239;0
174275;0
174332;0
174366;0
174398;0
174430;0
174481;0
174519;0
174556;0
174592;0
174646;0
174686;0
174728;0
174779;0
174840;0
174874;0
174911;0
174961;0
175021;0
175058;0
175100;0
175138;0
175190;0
175225;0
175262;0
175296;0
175352;0
175412;0
175451;0
175510;0
175551;0
175591;0
175628;0
175690;0
175736;0
175777;0
175818;0
175871;0
175911;0
175949;0
175989;0
176056;0
176100;0
176140;0
176199;0
176239;0
176274;0
176310;0
176371;0
176406;0
176444;0
176484;0
176536;0
176575;0
176620;0
176671;0
176725;0
176760;0
176798;0
176838;0
176891;0
176930;0
176971;0
177010;0
177064;0
177101;0
177139;0
177176;0
177231;0
177265;0
177307;0
177340;0
177387;0
177419;0
177452;0
177485;0
177517;0
177563;0
177594;0
177626;0
177659;0
177698;0
177750;0
177783;0
177817;0
177857;0
177914;0
177947;0
177981;0
178014;0
178062;0
178097;0
178133;0
178171;0
178219;0
178252;0
178284;0
178316;0
178351;0
178399;0
178437;0
178469;0
178502;0
178559;0
178595;0
178629;0
178662;0
178720;0
178761;0
178795;0
178830;0
178881;0
178915;0
178948;0
178983;0
179035;0
179070;0
179108;0
179147;0
179194;0
179228;0
179261;0
179293;0
179327;0
179377;0
179410;0
179446;0
179477;0
179520;0
179568;0
179602;0
179638;0
179671;0
179719;0
179756;0
179795;0
179832;0
179880;0
179915;0
179948;0
179979;0
180013;0
180066;0
180115;0
180149;0
180181;0
180234;0
180266;0
180299;0
180332;0
180380;0
180414;0
180452;0
180483;0
180532;0
180566;0
180606;0
180647;0
180695;0
180727;0
180760;0
180791;0
180824;0
180874;0
180909;0
180944;0
180977;0
181026;0
181061;0
181096;0
181129;0
181187;0
181221;0
181256;0
181288;0
181339;0
181373;0
181406;0
181439;0
181486;0
181521;0
181554;0
181588;0
181622;0
181671;0
181711;0
181747;0
181782;0
181831;0
181866;0
181903;0
181934;0
181986;0
182020;0
182053;0
182086;0
182137;0
182173;0
182208;0
182241;0
182293;0
182340;0
182377;0
182411;0
182461;0
182495;0
182529;0
182562;0
182616;0
182652;0
182683;0
182717;0
182767;0
182803;0
182837;0
182877;0
182924;0
182958;0
182993;0
183023;0
183057;0
183108;0
183144;0
183185;0
183218;0
183266;0
183300;0
183332;0
183365;0
183399;0
183456;0
183490;0
183522;0
183553;0
183599;0
183631;0
183667;0
183699;0
183731;0
183782;0
183817;0
183848;0
183881;0
183915;0
183967;0
184000;0
184035;0
184069;0
184120;0
184154;0
184188;0
184218;0
184251;0
184298;0
184331;0
184365;0
184396;0
184432;0
184487;0
184527;0
184563;0
184597;0
184647;0
184679;0
184714;0
184744;0
184780;0
184832;0
184866;0
184901;0
184934;0
184984;0
185020;0
185056;0
185089;0
185142;0
185182;0
185219;0
185256;0
185307;0
185344;0
185378;0
185412;0
185471;0
185506;0
185540;0
185574;0
185635;0
185673;0
185713;0
185753;0
185803;0
185839;0
185877;0
185911;0
185962;0
186000;0
186034;0
186067;0
186119;0
186159;0
186196;0
186238;0
186285;0
186328;0
186370;0
186411;0
186472;0
186514;0
186549;0
186586;0
186639;0
186674;0
186708;0
186740;0
186789;0
186827;0
186860;0
186892;0
186943;0
186976;0
187007;0
187039;0
187072;0
187119;0
187155;0
187188;0
187221;0
187255;0
187308;0
187349;0
187383;0
187416;0
187464;0
187500;0
187537;0
187572;0
187619;0
187653;0
187689;0
187720;0
187754;0
187803;0
187840;0
187876;0
187906;0
187955;0
187987;0
188021;0
188052;0
188086;0
188135;0
188185;0
188345;0
193288;0
193642;0
193717;0
193757;0
193796;0
193830;0
193872;0
193908;0
193946;0
193984;0
194016;0
194055;0
194091;0
194138;0
194180;0
194220;0
194266;0
194298;0
194332;0
194366;0
194401;0
194435;0
194487;0
194521;0
194554;0
194594;0
194629;0
194661;0
194694;0
194730;0
194764;0
194801;0
194842;0
194875;0
194914;0
194952;0
194986;0
195045;0
195096;0
195133;0
195173;0
195218;0
195262;0
195308;0
195359;0
195400;0
195439;0
195478;0
195521;0
195562;0
195602;0
195645;0
195684;0
195739;0
195777;0
195812;0
195847;0
195885;0
195923;0
195959;0
195997;0
196037;0
196074;0
196111;0
196147;0
196210;0
196295;0
196350;0
196385;0
196419;0
196453;0
196507;0
196547;0
196587;0
196622;0
196688;0
196725;0
196761;0
196799;0
196859;0
196904;0
196940;0
196981;0
197033;0
197071;0
197112;0
197145;0
197197;0
197231;0
197265;0
197301;0
197355;0
197389;0
197424;0
197458;0
197509;0
197545;0
197577;0
197610;0
197659;0
197690;0
197726;0
197759;0
197792;0
197846;0
197882;0
197915;0
197948;0
198006;0
198043;0
198093;0
198129;0
198179;0
198216;0
198257;0
198296;0
198349;0
198389;0
198427;0
198461;0
198507;0
198542;0
198577;0
198608;0
198654;0
198701;0
198735;0
198771;0
198801;0
198851;0
198887;0
198920;0
198957;0
199009;0
199046;0
199082;0
199115;0
199162;0
199197;0
199234;0
199268;0
199319;0
199355;0
199389;0
199429;0
199478;0
199513;0
199547;0
199579;0
199629;0
199665;0
199701;0
199734;0
199784;0
199825;0
199857;0
199891;0
199939;0
199972;0
200006;0
200038;0
200073;0
200126;0
200159;0
200193;0
200224;0
200279;0
200313;0
200347;0
200383;0
200440;0
200473;0
200509;0
200547;0
200597;0
200636;0
200669;0
200702;0
200750;0
200786;0
200819;0
200854;0
200905;0
200940;0
200979;0
201012;0
201060;0
201100;0
201134;0
201167;0
201216;0
201250;0
201284;0
201314;0
201349;0
201399;0
201440;0
201473;0
201509;0
201555;0
201588;0
201625;0
201666;0
201708;0
201741;0
201773;0
201808;0
201845;0
201898;0
